123
666
111
100
000
777
321
555
333
456
222
200
110
007
999
120
789
101
121
010
159
199
198
210
220
180
147
130
150
250
888
230
140
420
112
300
190
240
260
170
197
160
196
020
987
270
280
135
786
050
030
911
290
090
060
102
143
201
040
131
444
080
310
070
221
231
211
234
122
124
141
151
258
191
012
125
311
369
251
171
345
890
301
132
001
011
181
161
654
241
212
202
741
021
261
103
852
213
281
214
091
271
228
520
963
051
291
195
061
223
081
246
031
567
619
104
225
113
041
312
105
145
500
098
909
128
232
071
108
187
809
357
106
891
323
109
313
512
412
303
114
314
521
505
142
116
127
252
117
892
115
129
119
203
107
157
951
808
224
182
523
306
411
242
711
134
204
205
153
305
404
419
316
133
126
678
325
753
410
415
511
217
696
137
192
912
606
233
454
510
194
806
244
700
707
152
216
612
156
154
206
315
256
304
432
322
118
525
515
815
215
155
611
008
254
302
235
324
900
400
895
408
248
332
513
146
144
453
360
308
401
320
710
402
209
556
610
172
002
227
092
805
423
421
600
501
193
601
543
331
163
218
486
208
800
811
158
603
247
712
522
245
327
990
426
425
406
226
162
309
330
236
812
545
148
136
307
326
613
255
407
422
403
318
531
168
416
317
328
713
219
910
801
414
989
508
237
405
524
810
207
424
546
905
343
243
554
022
527
465
913
239
455
607
409
609
903
509
169
413
921
621
608
427
138
602
452
262
919
506
429
708
502
445
356
902
626
352
009
589
717
721
605
831
257
365
723
908
003
565
528
731
014
503
229
765
616
335
350
517
428
253
550
701
896
451
906
188
551
319
329
439
458
167
238
922
566
504
623
334
821
722
770
507
876
907
417
541
604
166
249
175
139
564
266
918
265
569
526
263
286
720
705
615
032
518
431
727
802
017
703
568
442
929
351
625
418
714
530
178
468
747
618
818
177
628
532
342
514
706
916
820
062
901
998
599
704
828
264
529
282
149
586
622
969
164
897
185
620
702
825
379
656
443
179
920
259
272
052
055
904
340
787
926
354
785
889
630
927
917
552
591
624
715
995
617
898
516
173
176
346
561
184
614
485
595
988
338
667
336
724
004
347
928
627
636
807
386
534
435
519
077
288
292
361
385
576
298
341
174
274
344
363
726
993
353
082
189
728
915
355
880
006
186
042
387
719
559
542
371
359
013
716
460
450
284
686
381
937
364
461
430
923
766
268
269
813
472
375
629
183
558
690
547
368
930
563
924
481
548
276
544
440
533
778
771
925
457
538
571
393
804
273
337
553
750
914
535
972
991
278
464
590
699
165
484
289
582
016
881
459
275
540
772
632
709
297
814
682
557
816
478
959
299
072
979
358
285
339
860
560
562
817
349
592
944
870
362
718
447
587
826
372
845
380
996
585
956
348
374
737
489
775
974
462
980
446
477
033
433
367
757
773
054
577
373
830
448
383
570
267
643
997
981
823
287
965
015
645
366
660
819
277
985
384
466
780
631
768
438
479
633
023
294
803
279
784
635
536
575
867
469
767
743
883
377
950
676
824
283
730
829
960
593
655
657
669
579
725
537
650
396
441
293
471
651
886
588
574
079
729
437
572
475
597
392
549
797
394
760
634
878
583
641
573
646
776
953
499
875
005
732
850
449
971
491
085
434
578
376
978
836
470
746
986
399
662
665
019
370
671
295
842
675
598
848
733
822
790
735
681
490
955
751
893
488
982
436
663
594
781
053
931
648
827
474
467
378
024
856
865
389
482
496
487
493
069
584
580
661
689
759
691
476
758
840
025
941
761
954
841
940
483
688
798
961
382
653
647
792
668
694
939
774
857
947
799
492
742
975
494
495
642
099
581
658
698
763
788
962
861
659
754
899
044
952
066
391
677
879
966
967
885
756
983
680
748
855
935
056
463
388
779
679
390
853
637
862
851
639
762
977
791
877
740
764
034
992
078
296
794
970
868
882
498
844
395
932
755
638
652
783
984
067
933
973
497
936
871
942
644
739
745
958
027
869
685
064
480
539
029
687
864
672
398
683
945
045
473
872
059
957
035
738
887
835
640
697
858
866
874
744
670
664
684
849
964
976
943
793
073
782
832
859
894
046
048
769
949
596
752
097
796
693
736
397
018
833
854
838
749
063
873
096
673
834
095
649
674
884
065
839
734
036
038
938
026
695
846
093
028
863
994
948
058
795
843
946
094
934
968
088
086
692
057
076
037
847
075
087
089
083
049
837
074
043
068
084
039
047
