1234
1111
0000
1342
1212
2222
4444
1122
1986
2020
7777
5555
1989
9999
6969
2004
1010
4321
6666
1984
1987
1985
8888
2000
1980
1988
1982
2580
1313
1990
1991
1983
1978
1979
1995
1994
1977
1981
3333
1992
1975
2005
1993
1976
1996
2002
1973
2468
1998
1974
1997
5678
2001
1999
1972
1969
2003
1945
2008
2525
2010
2121
2323
1022
1951
2006
1230
1971
4200
1970
2007
1966
2021
1968
2112
1967
2009
1964
1965
1221
0123
1963
2011
5150
2019
2018
1000
2012
1357
1020
1414
1962
1515
1001
1004
1960
2424
2017
1961
2016
9876
1231
1959
1213
7007
1235
1958
1957
4545
2015
1123
1112
1955
1012
1956
1245
1225
2345
8080
1954
1223
5050
1224
2022
9090
1210
3456
2211
1818
0101
2014
1919
2233
0909
1717
1211
0007
1011
1453
1121
1002
2013
1204
0987
1324
1205
1950
1907
1024
1208
1214
4567
1236
1215
1953
1209
1102
1008
3232
3030
1905
1233
8520
1103
1203
1201
1206
1952
5656
1007
2212
1202
1903
1412
1023
2244
1218
1104
1105
1701
1948
1003
1005
2727
0420
1947
1616
2311
1107
1101
1314
7410
2626
7890
1029
1124
1337
1207
1106
1312
1379
7878
0808
1125
5566
2210
1015
3434
1006
1411
1109
0505
1220
1478
0202
2512
2510
1402
1432
1108
5252
1013
1226
1025
6789
1812
2828
1488
1114
1222
1410
0707
2312
2255
1216
1021
1120
1228
1911
1949
2104
2202
1030
1100
1912
2310
2511
1031
2505
0303
1129
1009
8989
0001
2486
1227
2030
3131
4711
1128
2412
1028
1305
1408
4455
1910
1217
1405
2410
2205
9527
2208
0102
3112
3003
0404
1904
2411
1311
5454
1310
2110
1127
1014
0786
1017
0815
2501
4242
1110
2106
1404
1946
1018
2508
1510
1026
1308
1219
1016
1508
1512
3636
2122
1708
1126
1908
2506
1406
1256
1425
1303
1369
9898
1113
1407
2504
1027
0911
1134
1610
0110
2204
2710
1229
4040
2303
2304
5683
1804
1810
2103
1019
2107
1502
2305
1302
2105
1492
7788
2526
3535
1503
1331
1409
1304
1709
2203
1117
1511
2206
1254
1705
1942
1604
2509
2306
8899
1504
2301
1710
1712
0711
2503
1906
2083
2929
2225
1415
1130
0312
1307
1704
2111
1914
2308
3110
1243
1505
3006
2611
1805
2201
2309
2610
1920
1808
1309
2812
2711
2612
1944
2404
0508
1403
1909
2109
1401
1306
5858
0311
9988
2108
1232
2507
2805
2302
2408
1115
2810
2403
5000
0852
0412
2307
1711
1703
1506
2101
2407
2405
0510
3105
1200
1941
1937
1702
1902
2209
2502
0147
5482
1612
2406
0410
1605
1301
2712
1133
2207
1119
2102
0210
1602
1802
1943
1803
3000
3101
2707
0606
1118
3012
0512
2552
1928
0812
0204
1507
4141
0411
0211
1501
3010
2324
1509
1606
1707
1901
3011
0203
2401
1603
1608
1611
2804
0212
2704
1811
1801
0310
2605
7894
0912
1807
2356
0612
3005
3103
2811
2709
3001
2402
2603
3108
2606
0609
1900
3004
2604
1258
2123
2705
6565
0506
2409
6303
0511
0809
0304
4747
0305
1155
2530
6363
2904
3344
2808
0405
0104
7575
2332
1144
7070
2912
2608
1806
2601
2911
0011
5151
2703
7272
3210
2802
2910
4343
1116
0712
1809
1925
0205
1423
2806
1601
2200
0112
2809
8585
1346
3214
1323
0408
1472
3009
0103
7474
1066
0258
0611
0610
1609
1607
2905
3366
0811
0306
1940
0206
0105
1706
2803
1516
1881
2602
0708
2903
2801
7979
2143
3107
1500
2425
2906
1939
2607
1530
2909
2708
1397
2701
0810
2609
3007
0710
3008
0406
5353
1321
1524
1923
1622
0407
9696
1177
2023
0308
1590
0107
2223
6996
0207
2100
2702
0502
1936
0507
8181
1520
0214
0509
1420
0208
1456
2469
2326
0802
6767
4646
0910
0907
8008
1452
6464
2523
2807
1199
2907
1929
0309
8443
6669
1789
2288
5757
2706
1921
0801
1290
2522
1400
0209
2527
7153
9900
1525
3100
1927
0301
0307
1938
5236
0607
0220
2536
2901
4848
0401
1325
1922
0608
0109
0106
0108
0709
1320
3737
2277
2500
0409
1318
1247
9000
1250
2535
1470
8787
0321
1819
0804
0302
1289
1441
1618
0805
1776
0906
2524
3579
1315
2521
1150
1933
2908
2325
2236
1598
3838
1345
0901
0704
1664
2234
6868
2520
6060
2528
2531
0703
1917
2134
0902
7676
1188
0402
1418
1322
1521
1326
6262
1422
1523
0604
5544
8282
1428
1800
8000
0803
0122
2589
2541
3322
0503
1269
1728
5522
0070
2369
1926
2513
5225
0403
1718
1255
0504
0501
1821
0905
1244
1192
1248
7171
2040
0120
7412
1580
2515
1935
0602
1417
2025
3211
1924
0316
0201
1930
0111
1358
0904
5588
3113
0806
2050
0705
3141
2517
2519
7373
8484
2213
1421
6699
1532
0601
0903
1424
0908
1317
1793
2518
4488
1416
1080
4000
1620
5432
2514
1316
0121
2442
1278
2124
0124
1597
8686
1359
0701
2499
1050
4949
3355
1327
4554
2539
6161
0213
0702
0721
3939
1328
5959
2318
0125
2214
0315
1918
1551
9009
0807
3825
0313
2426
2224
1173
0603
4128
1738
1932
3310
3377
1436
3698
2516
1437
0666
0921
0330
1430
1820
2314
7860
1934
2266
3690
0421
7896
1040
2125
2529
1596
1350
2120
9595
1518
1366
2131
0322
0605
2545
1623
0522
0525
2126
1355
0425
1300
4422
1280
1299
2215
1617
1239
8788
2563
1288
1888
2024
5525
2113
9191
0919
2327
2127
2456
0325
1077
6677
1431
4123
5577
0314
0923
1517
1913
1721
0323
2728
1519
0417
2247
0714
1931
2115
3128
1237
2321
9632
2221
4512
0331
1356
2662
2357
1522
1477
3311
1771
3223
0706
0326
1138
1725
2232
1625
1688
0415
9874
1916
3321
7000
0318
1666
5511
1364
0077
1433
0713
1298
2316
7734
0813
1132
0513
1427
0424
0515
1542
0215
1824
2413
1257
1238
4862
1330
0414
2882
1365
0523
1723
6357
1458
0416
4114
0825
4546
2333
1242
0818
1469
2128
1822
0115
2414
0320
1899
0829
1388
4561
2546
1352
1624
0822
9111
1526
1915
6688
2846
0099
4569
4523
2684
4201
4578
5005
0927
1360
1828
3369
1475
5500
2230
0428
2627
2274
0521
1319
2046
1593
2231
1621
0918
8383
1240
1340
1090
4983
8800
0913
9119
1727
2319
4649
5253
2315
1084
2428
1720
0823
0423
0317
7913
0218
1719
1471
4466
5963
1052
5007
9530
0418
1434
0328
2534
0821
2313
2415
1426
0324
1661
4563
0126
7700
1435
2587
0221
0613
0426
9797
5512
2341
7799
0925
0924
2118
0419
7899
2229
0223
4020
0422
3452
0216
0413
6644
0127
1377
3600
1344
3323
3388
1032
1131
3663
9292
4477
2114
0915
0816
1354
0520
1823
1181
2550
0615
2141
0217
1600
0516
2080
1619
2278
2300
2537
0128
3233
4589
1147
1826
8855
0715
0717
1626
1363
1715
1527
5254
1380
0117
1777
2540
0723
0814
1178
1591
1714
1281
1166
5455
1246
0524
0327
1825
0429
1399
1413
8246
0225
1589
1599
4268
1370
6000
1555
1368
3020
1279
1722
2786
4224
1724
1375
5200
2130
3133
0928
4275
8090
0100
0722
1284
0624
0228
1145
3700
9393
3182
0527
1265
2600
0219
2585
1535
8523
1092
1241
0514
1285
7531
0614
0916
0922
2455
1071
0519
9155
1187
4433
9966
1385
0022
2252
0628
1277
7891
0828
2334
0531
1348
2096
2358
1287
3300
1378
2533
3412
2322
4004
1429
5324
2378
2328
2547
0113
0517
1351
0621
2543
2299
2365
2432
3791
1055
2829
2542
0618
1419
1745
0914
0917
0623
6453
0625
0224
1098
1252
2226
6543
3121
1514
8642
0114
1362
1550
0831
1260
1169
7887
0920
1174
1143
1372
5689
2588
4565
4556
2400
3221
0530
5533
0724
1729
2569
4568
2145
0319
1588
5891
2242
1632
1628
1333
3699
9911
1156
5758
0019
7942
2421
0009
2532
1579
1341
3111
1814
2132
0622
1259
1531
4231
8742
1069
3312
8088
1730
4400
0720
0820
1680
2548
0013
0929
5623
2538
0619
8123
2026
8521
0626
1349
2243
5234
0119
0518
5556
1329
0616
3721
1251
0727
1151
1070
1830
7845
2480
0226
1088
1533
2555
1749
0526
1480
0427
0528
1536
1545
0012
4152
1860
2216
2772
7117
8910
1270
1152
1275
0329
3123
2431
9987
3693
1182
8877
2320
0069
3200
0926
1367
2218
2714
2389
1060
2272
9981
2282
1353
2027
1266
0129
1347
1836
2217
3031
5791
0731
1268
2117
1253
1099
1479
1445
1332
8426
1135
1444
1815
3399
5599
0130
2028
3216
0826
1513
0629
3142
5210
2448
1334
2169
3104
7654
3040
2420
5456
1455
1389
2150
2219
0131
1595
5665
1180
1739
4050
2258
0620
2227
5598
1033
1630
9494
2116
7414
8808
0118
6667
4079
0930
1541
0819
6600
1827
0529
6655
2891
5565
2250
3691
3313
3213
4411
1874
1450
3125
8765
0725
2082
4891
0716
2269
1759
0728
2142
2245
1249
6288
3265
0227
3215
2583
2330
2427
2329
5263
0430
1877
2355
4789
1371
1142
0627
2628
5100
0824
7895
9188
4111
2558
5425
1267
1386
1447
7711
7744
0116
3234
6649
1171
7001
8900
2228
2119
2653
7712
0726
5115
0002
2582
2068
1141
4456
8866
8822
1157
7546
4060
1274
1390
6869
2422
1159
1263
5001
4500
1754
2848
4001
1528
1175
1191
1374
2129
0817
1184
3212
3435
1381
1891
2275
3891
2256
2930
1283
1457
3909
5233
1190
3500
1569
1271
6020
0617
3022
1276
6891
7008
2133
2435
2235
3256
7399
1045
1282
1384
2147
3571
4521
7755
1361
2220
4312
4564
9990
0827
2544
3733
2337
2488
2254
1286
3264
5673
6661
1869
2423
1035
1440
4420
0630
4121
6435
5411
7707
2136
1669
3331
2154
9001
2029
4445
8118
8844
8811
6633
2730
9989
1048
1529
4002
5055
0143
3250
2549
1387
2155
5545
7861
2430
1189
3303
0729
7411
7778
3124
3443
1392
2342
1185
1726
2416
4869
0830
1261
2879
9991
1051
1468
2331
1627
2281
2284
3282
8486
3339
1195
1848
0718
1871
1170
1613
1057
1578
2317
8421
1376
8823
5775
2729
9211
3132
7733
4566
1183
1158
8081
1474
3283
1700
2287
2144
2366
2344
3334
5477
4100
7787
3021
1075
2579
0063
5464
1534
1731
2436
8462
1179
1165
1163
2418
2031
1089
1264
2586
2814
3345
1882
5646
1042
1054
1136
1140
1272
2484
5445
2246
2033
1063
1197
5410
1373
2613
8647
1186
3515
1043
5521
2554
1548
2722
1438
1335
2051
7997
2285
2350
9510
2055
1459
1892
5674
1442
5412
3015
1262
2343
1168
4253
1198
1085
7771
0222
7722
2248
1072
3578
1890
3570
1296
2032
4130
1394
1451
1575
4525
1293
4520
1086
2137
5020
1273
1583
9800
1153
1868
3525
2800
2902
4234
1294
2467
2477
8889
7667
4562
1034
5152
1295
4213
2479
5421
9753
5424
6178
1037
2918
8657
9889
5585
1291
3002
1786
3421
0719
8001
1844
2188
1582
8848
0159
1855
1864
1044
7227
1878
7123
7867
1463
1770
3553
3122
0369
0880
1880
2458
6900
7879
2048
5286
2551
1395
8898
1831
2478
4126
2584
1713
1756
2575
4356
1154
1775
1297
1539
8284
1858
1876
3773
4012
1544
1078
1585
1650
2354
3615
2388
3669
8891
4293
1161
2384
9669
1036
1176
2280
2830
8130
1750
1087
1091
1690
2489
0990
1081
2135
1068
2262
1538
4125
1870
9955
2417
4416
3120
9768
1059
6425
5505
2715
1489
1732
5213
1160
2663
2180
2667
2088
3013
2377
1398
2265
1065
1540
1879
4423
1172
1056
1556
0010
1194
1568
3033
4043
5250
2190
3666
7789
2630
1574
2165
2445
2556
8890
2140
4211
1167
7980
0003
1164
4884
4774
1391
1584
1162
2240
1053
9630
1097
3060
1829
2351
9899
3343
1476
3927
1343
2058
4510
5515
5859
1813
2336
2419
2564
5111
1093
1577
8812
4587
1481
3467
1460
1560
1570
2648
2992
4313
1614
1062
1816
1734
3336
4511
1382
4560
7866
9192
4989
1487
3201
1559
7337
2622
5123
9998
7780
4243
5002
4454
5404
2276
2380
4791
2713
1047
4951
1454
9977
1064
1074
1566
2060
2578
6321
8677
4555
2475
7856
7889
1567
8991
1137
2363
2241
5510
7773
3512
1076
1785
1780
1885
3332
2825
8998
1490
7200
1149
2460
6336
1148
1634
1832
5300
4215
1563
1783
2045
8522
1393
5211
5600
6791
7779
1079
1564
2099
2482
2989
3800
5551
2721
3024
3991
7172
3696
2464
7791
2383
3014
2971
7277
1817
3220
1896
4212
4334
4590
0770
1682
1853
4011
4515
7532
7424
7854
1041
4522
2577
8210
1875
3115
3425
1485
3326
7897
9010
1484
5354
6162
1083
2481
3025
3711
4132
3510
1667
5255
1073
1845
4210
2259
5847
1791
1895
2566
2237
2614
4142
5051
1336
3601
3146
5321
0008
2177
4682
7766
1543
2565
2645
3478
5488
4443
1193
1889
4344
2381
8055
2187
7475
1562
1592
1546
3152
6264
2615
4044
5575
1886
2991
1887
3777
1684
2375
7946
5156
1196
1573
3625
2691
3230
4144
1587
1833
4580
5155
2035
1058
1383
2913
2639
7677
4412
7111
1537
1679
4691
6977
2257
2723
5885
7865
1082
3689
8624
1683
2085
5010
5366
6226
2816
1565
3536
3645
5326
2359
4080
5377
3254
1852
2466
7477
7749
7880
2348
2364
2618
7898
1491
9112
4325
9731
1396
1146
2152
2346
2429
4225
5256
5333
5657
1049
2822
7701
8006
1039
2731
5280
5501
2156
3231
2700
2474
1856
2151
5433
6556
2453
2470
4653
5060
0005
2368
2718
1581
2081
2292
2367
1735
1850
2347
5214
2264
2042
7714
3127
2498
3393
1046
2664
4220
4221
3119
4499
6566
5569
3652
1615
1633
2199
2747
5632
2451
4865
5012
6006
2465
3454
5800
1716
4244
4256
1629
2625
2791
3373
3445
8525
6535
2629
2462
2443
3242
2487
3245
5335
8100
1840
1788
2590
1586
1835
2454
2581
7447
7500
5400
5446
0187
2815
4424
8082
2463
3324
4223
6988
8880
1685
4991
3325
3457
3524
6263
1646
5554
1553
3400
3511
7869
1038
1439
9012
1465
1742
3118
3411
7374
1486
2146
2636
2286
4311
7464
2391
7718
9891
1765
1654
2881
3342
7786
8791
5612
6942
3106
3330
5991
2279
2599
3695
4245
4586
9852
4585
5282
7319
2665
3376
1778
5011
3130
0023
1557
5523
2296
9512
8701
1571
2289
4547
1554
3114
3278
9080
4414
2568
2260
2748
9123
2036
9779
1863
2251
2459
2813
3151
3225
2139
2560
8691
4112
0800
2175
2831
3145
3301
1558
2650
5911
7577
1339
2157
6120
1898
1631
3455
5232
6500
0777
2677
3993
2433
2452
6970
1678
1443
8002
2054
2854
5466
7110
3361
5110
5124
6622
5966
1645
9821
1095
3555
5004
5472
5896
6300
3546
9162
1067
1292
4120
0055
2267
2273
4117
8182
2631
5520
3102
1691
3258
3320
2076
8864
1139
1644
2871
3315
4410
3337
5212
2178
5654
2064
2070
2379
3251
5621
7273
1753
7812
5121
9909
2624
1640
2253
4122
5025
0021
2688
6886
1462
2052
2916
7467
1482
1561
2349
6611
9875
3624
8990
6010
2170
3610
4404
3363
5580
6545
8732
0004
1883
4030
5453
7321
2181
2620
3424
1096
2185
4010
6465
9099
9333
3016
3240
4544
2077
2263
2880
5221
5258
2268
3217
3224
3236
3241
4219
2571
6972
5474
7911
9110
4286
2591
1495
1733
2864
3522
5658
1572
1755
2616
5561
3023
4532
1699
3035
6660
9500
6446
7455
2148
3614
4110
8485
3117
7823
1648
3275
5168
8228
2820
4077
6233
8005
9812
2034
3050
5869
7177
2360
2390
2461
3252
2335
1636
6001
6456
7023
8412
4007
4620
1757
2717
1686
2238
3255
4265
1498
2450
2065
4484
5420
8020
8757
2163
7485
6521
7600
8810
5478
5698
1854
4115
2434
4710
8560
4800
6400
9210
3203
4652
5789
1681
1842
2623
6454
8669
2473
7418
7454
1787
1643
2387
5815
5153
6116
2485
4222
7557
1651
5589
9182
2678
4518
6700
7646
5465
3639
5590
6123
1594
1798
1897
7576
2037
2044
5235
7285
1744
3150
9922
0730
2720
2868
2900
3432
4758
5826
2166
2270
3155
7210
7727
7852
2290
6696
7425
1773
4101
6532
4206
8500
2038
2561
3032
4536
1499
1696
1784
2821
5112
1774
5579
6541
6911
2567
4950
3018
4656
5310
1547
2173
1748
5227
5440
1668
2184
2295
5408
3521
5812
1675
2850
2878
3340
8956
9969
2056
3410
4664
5231
8264
3080
1338
1552
2789
7400
4320
7710
0088
5691
6971
8789
9933
2090
2371
3590
8010
2444
2619
5003
5277
6991
9856
1865
3116
3140
7448
7535
1061
5436
5535
5878
9002
2496
5262
0033
5567
6612
2159
2161
3191
5582
6012
7900
1689
4623
5120
1446
5559
6210
9091
2490
3692
1496
3164
4588
5125
3019
3222
1873
2399
3541
3742
4269
1473
1698
2340
2447
5242
7530
1461
3543
7456
1781
5090
5135
5560
2047
2799
4324
5452
6769
3228
3383
7781
8588
2066
5513
3288
8011
1741
3109
4192
5201
2968
3489
4255
6636
8312
9791
2053
2353
6213
5312
2885
3545
6272
1838
2446
3318
3557
4600
9199
9495
2386
3235
3335
4785
9919
2075
4474
7267
1769
2394
2719
6919
9293
1692
2716
3415
6152
1782
2686
2922
3237
2690
2441
2833
6656
4041
5142
5666
8778
2189
3126
4700
4852
7011
7221
7625
7776
8411
8833
1751
3520
7458
8963
3280
3362
4613
4856
2041
2598
5021
9100
2271
2855
5040
8487
2095
2352
4160
6266
2875
5431
6002
6591
1483
2817
2570
5487
5677
7678
8311
1464
2888
5969
2873
4570
5362
5401
6252
8050
2972
5524
6369
9011
1884
3262
3314
7800
1448
6275
2823
2892
2931
3670
5423
7774
8901
2654
3218
3307
8558
2457
9311
3202
2193
3070
1693
5264
4426
2186
8586
2160
2483
2646
3328
4322
7100
2092
4032
3129
3204
3365
3603
4124
7010
7476
7669
4251
4452
5578
6569
0024
1642
2261
4551
6211
6665
2153
4850
1747
2633
2826
2851
5203
5311
8912
4421
4858
5355
5645
2557
4190
8012
1655
3568
7080
9979
2091
2171
4680
2098
2192
2562
2737
3526
3577
5552
6420
0999
4240
8211
5591
6768
2198
2471
4006
4860
3144
4535
4999
3637
8754
7877
1861
3134
3482
5688
6111
2191
5700
6606
2559
4451
4679
4911
5288
1467
2476
8814
3618
8512
8752
2283
8009
9394
5215
5530
8285
1752
2395
5224
7717
8188
3474
4591
8688
8881
3442
4022
1576
3266
4610
6546
6663
8909
2079
2182
3654
3824
4145
4777
5463
5534
6542
6722
7274
7770
4204
4464
4642
5241
5595
8818
1635
3166
7810
2982
4357
5246
2754
2917
3208
5147
5230
5502
6234
8858
9007
1676
3630
5070
5550
9854
4517
8310
8600
9173
2787
2832
4752
7737
9944
2385
2733
4431
7482
8633
2176
3045
4582
6533
3017
4413
5053
9515
2834
3450
1740
4333
5113
7991
8869
1862
2374
3305
3389
8786
1660
3540
5315
5543
2061
2784
3466
4425
5558
2679
2689
3289
3647
4440
7004
7275
1649
8878
1466
2361
4233
2174
2777
4133
4155
6574
7009
2985
4241
5611
1799
6100
6215
6428
6676
2887
4143
4257
5531
2621
3575
4217
5140
6248
9004
9871
0080
3453
4207
5546
6110
6310
7002
7666
9410
2195
3148
3641
7391
7888
3378
3591
5127
1662
2397
2987
3564
4712
7310
8591
2819
4447
4859
8200
4432
1670
1779
2874
5220
7077
4552
4844
5101
5226
5413
5874
6626
1687
2668
3638
4688
2553
5015
3883
4678
5639
7989
1834
1792
2168
6050
9870
3436
5283
3569
8675
1641
2617
3538
5763
4260
5161
6463
3287
4252
5486
7767
2043
2920
4003
4315
4757
6678
8969
2659
2376
3839
7782
1851
2769
8338
8448
8852
9511
4648
5024
7222
9591
3680
4753
6131
5251
6200
7876
8801
2775
2924
4481
4663
4756
5557
7421
6488
7219
7775
4102
4820
6284
2757
4355
5030
3812
5141
6410
7311
2078
2164
4235
7599
2162
2362
2372
7758
9600
3422
8110
6070
1656
3444
5080
5462
3302
9631
1094
1494
1894
2666
2999
3542
7211
8615
9810
3370
5711
8085
3580
7223
8283
1657
1671
1772
1872
2856
4208
4618
5459
0014
3028
3810
4045
7580
2782
3719
4008
4300
4448
5177
5467
7112
1652
3491
3501
3621
5652
2635
2925
8868
2632
3650
4131
2788
2818
3205
4501
5426
5564
7512
8385
2574
3137
4647
6482
6505
2780
3180
7520
7721
2069
2680
4612
4628
7981
1843
2883
4442
5257
7488
8111
3465
3710
3840
5272
8023
4316
8887
9030
2063
2928
5169
5369
2339
3531
4575
2071
5995
6474
7689
3055
5342
8488
3565
5178
5299
5866
5900
6776
4625
7121
8611
9021
3662
4021
4621
5292
3451
7713
2370
3420
3430
4658
1893
2725
5116
5541
3353
5325
6061
6664
8424
2373
2687
3567
4151
7175
7702
9461
2724
2766
5223
5415
2057
4246
1677
2158
3219
4683
4812
6547
9633
1866
3090
4283
6366
9865
4450
4816
8668
2398
2796
2876
3257
3341
4250
7811
8977
9878
4462
5532
7102
3162
4127
5825
3566
5676
6236
9904
3354
3684
5136
5563
6212
2576
7548
9060
9200
2472
4226
6610
1659
2183
2637
3359
3502
4826
1658
3188
3246
4377
8876
9130
1758
2492
3306
3745
4480
6274
2692
3088
4531
5576
3175
5284
4415
6230
3656
9514
8040
2927
3177
3319
3833
5468
1763
2039
3612
4209
5422
5526
6364
7892
8510
9517
9691
2658
3036
3269
8988
9638
1847
3027
3556
5960
6466
8569
3352
3971
5013
1764
2138
2596
5188
5469
7769
9102
2884
5888
6190
9711
1795
3414
3626
5587
8903
8951
1647
3678
5626
2869
4491
8790
3171
3514
6128
7420
8541
9003
2167
2781
4229
4801
5154
2089
2196
3586
4158
1549
1766
2771
2914
4070
6311
1760
2297
4013
7071
7377
9801
1493
2798
7126
1857
3461
4288
5266
6411
7140
7610
8321
3253
7883
8552
8911
4685
6423
6690
6987
7289
9229
1867
2149
2669
2824
5309
5811
6811
7415
9636
2858
3274
3296
3431
4868
6424
7862
2685
3026
3065
3547
3640
4258
9121
3900
4748
4987
7225
7926
8183
2970
4266
5022
5285
6484
9113
2696
3468
3664
4406
4792
5008
3227
3397
3417
3477
5351
8115
1697
2059
2595
2990
4009
6462
8400
3034
3423
4188
5205
6615
6888
0025
4232
5458
8478
2776
3304
3316
5759
6511
8533
9008
3374
3794
5547
5680
6003
0017
4408
5774
6452
8300
8882
2640
2926
6011
7864
2049
3505
3508
5216
5289
9713
9986
1449
2697
3317
5247
5471
7784
8121
8850
9832
1672
2944
3356
9890
2179
3260
3380
3738
4105
2382
2643
3739
5132
2084
3401
3433
3942
4635
5145
5222
6352
1743
2293
3169
5451
5610
7501
8511
9222
4156
5058
5069
3259
3712
4262
5368
8587
2752
3056
4441
5687
6232
6999
2693
2695
3416
3472
7224
2573
2981
3533
5672
6101
8420
2291
2726
2765
2979
3248
4486
5457
6022
7724
7882
2674
4505
4733
5435
8923
9101
3528
4113
4353
7664
2393
8201
8288
1694
2086
2634
2795
4417
5181
7020
8212
1737
4177
5491
5562
7747
4866
5416
5444
6432
1638
2750
3572
4675
5122
8926
3286
6040
7673
7797
8828
9663
9912
2072
4270
4815
5650
5863
6235
9786
2644
3185
6121
6966
8562
5269
5375
6654
6701
8404
3206
7030
1746
2683
3154
3387
5945
0550
2842
3272
3842
5217
5243
6844
9901
3244
6279
6711
6787
3156
3161
8180
8318
8589
9050
9910
1837
2682
3143
4526
4475
6455
3135
3620
6421
7188
7578
8037
1653
4489
5131
3441
3651
4513
6659
8083
9022
0044
2172
2197
3029
5006
5875
6412
9877
2741
7584
9513
2074
2497
2652
3158
3406
7201
8432
9811
3170
3490
5519
6119
7090
8733
2649
3655
4840
8101
9698
2437
3649
3801
4583
5172
5777
6021
6122
6426
7524
2491
3226
3504
3623
4228
4263
8250
2853
6587
0020
3404
3574
3584
3751
5527
6319
6378
8879
9137
0071
1674
1797
1849
2739
2744
4666
7139
1736
6525
7417
5686
7465
8087
9958
9959
2755
7282
8410
8711
3181
4153
4769
4832
5343
5854
6251
1695
4430
5199
8482
3147
4042
6125
6268
7691
2249
2792
2827
2980
4180
5337
6007
7757
8277
1663
5273
6686
9697
3277
3462
4169
4720
8184
2440
5268
6066
8884
8892
9128
3329
3945
3969
4994
5655
6163
6165
6244
2439
2899
3386
3633
4025
4140
4279
4401
4550
4558
5331
6575
7736
2790
8384
2763
3270
5528
8225
8885
3550
5104
5571
2494
2915
4602
4825
6560
7300
7515
9312
3263
3426
4261
4633
4657
6913
7218
7246
8905
0991
2849
3165
3364
4331
4347
5298
5536
5542
7072
7591
2094
3940
5237
5822
7511
9388
2698
5117
6691
7193
8019
3071
3537
4428
5019
6365
8604
9798
3548
5962
6630
0083
6978
2886
3390
9879
2919
3385
4170
4811
5836
9982
2298
2495
2956
3179
3184
3534
4005
4296
4581
5710
6409
3308
4227
4542
5647
6801
2984
3382
4345
5318
5548
5648
5667
6544
3358
3458
4015
4508
5450
6222
6616
8513
2986
3582
3642
3888
5635
6334
7256
3062
3396
5260
3532
4736
5438
6510
8979
1790
4821
7147
4572
4577
6902
7621
9115
5712
7382
3562
5813
5892
7050
7250
8388
3291
3513
4280
6104
7688
8477
3199
5023
5160
6009
2940
3395
4214
4418
4469
4579
5819
5910
6126
7419
3447
3622
3811
4673
8119
3658
4528
4990
6201
6670
6979
7874
0333
2933
3581
3644
7886
2642
2890
2993
4179
4323
8750
5359
2954
3186
3293
4478
4659
5344
6679
6812
7266
2671
5553
8084
4048
4645
4988
5630
2921
4483
5862
8595
9321
2783
3428
5675
6332
7127
4035
4254
4363
5679
6567
7931
2923
4187
4689
5061
5363
5972
7125
8758
1839
3845
8610
9400
9868
9960
2239
3268
4896
9449
9897
4027
4136
5118
5133
5443
6501
7262
7426
7452
3673
4154
4405
4622
4824
5664
6598
2647
2656
2893
3077
6422
6989
8505
0500
3168
4458
4548
5130
5316
5484
6013
6166
6240
6668
7432
8965
9294
9532
4332
4851
5248
6169
6842
8140
8519
8883
0300
2572
6549
7215
8423
2651
3048
3136
5170
5485
6325
7822
1673
2097
3298
3850
4282
4514
5105
5615
8987
9624
2087
2740
2977
3081
3327
4599
5662
6681
7038
3279
3350
3632
5514
5782
6870
7082
2657
3665
5278
7478
7588
2756
3079
4540
7182
7988
8596
4230
4485
4875
5770
7233
7569
7772
8007
9559
1768
3821
4301
5182
6973
7833
8456
2845
5279
2438
3668
4150
4686
5014
5696
5853
6693
3159
5164
5481
5642
6901
8213
8743
2865
4802
5048
7383
8221
4482
4596
5570
6282
7433
8145
3402
4147
4248
4427
4849
6255
6259
6289
0789
3815
5313
5643
2872
3069
3646
4749
4755
5341
5441
5682
5879
7656
1846
2676
2983
3530
4419
4900
5052
5323
8620
8999
9654
1665
2699
3229
3309
5584
6536
6883
7801
8425
4863
5287
6342
6523
7881
7982
3446
3599
4278
4472
4667
7247
8021
1762
3064
4654
4687
7551
2745
3384
4487
5823
6171
7232
7264
8114
8185
9995
3748
3911
5414
6923
8022
2840
3486
4134
4292
4655
4854
6845
7827
8322
0891
3813
5219
7012
7120
7901
9455
3209
4199
4409
5684
7254
7284
8687
3469
4460
6671
6788
6014
6910
7258
7491
2681
4504
5489
4490
5669
3814
7445
7541
3196
4502
4533
5102
6225
6283
6322
7288
7592
2988
3391
7113
7130
7783
3189
5690
7119
2338
3276
4119
4216
4916
6689
6871
7003
7748
8870
9921
2995
3041
4721
4864
5261
5267
5503
8086
8466
8802
9411
2764
2785
3284
3551
5671
6504
7115
7181
8745
3392
6164
7145
7312
7825
2294
3285
3611
4118
4271
5026
7815
8105
8897
9214
9996
2592
2975
3160
3852
4352
4494
4651
6318
6519
6524
9339
3995
4314
4593
5356
5418
8592
2735
2866
4284
4362
4601
5162
5304
5508
6253
7444
7595
7754
8112
2493
3746
5114
5129
5873
6555
6958
4632
4878
5149
5157
5641
5693
6588
9700
2672
2742
3588
4808
5240
5303
6912
7326
7536
9106
2770
3249
4539
6345
7873
2847
3585
4910
5171
5583
6403
7422
8690
9602
2837
4498
5249
7559
8913
2661
2877
3066
3912
5499
7743
8286
8465
8731
3594
4247
4399
4723
5634
6512
6578
7745
9908
3099
7802
9997
2594
6062
6320
8025
8921
9300
9701
4670
4715
6985
7719
7999
8120
9807
2392
2774
3348
3714
4055
6564
8303
8386
9653
0029
0691
5103
5374
5627
6450
8004
8452
8684
8816
9125
9588
9789
2660
3267
3346
4984
5538
5901
6117
6130
6625
9098
9171
4611
5846
6687
3595
5668
8104
9855
1859
2194
3238
3750
5174
5504
6491
7582
7983
8272
8515
2734
4090
4810
7276
3701
4023
4598
7143
8700
8902
0357
2062
2950
4468
4529
4751
5844
6662
7101
7292
8524
9804
2973
4479
4543
5031
5731
6413
7021
3261
3841
6954
7514
8270
9193
3294
3554
7207
2655
3648
4146
5810
6245
6692
8805
9087
0190
2852
4104
4765
5143
5999
6008
6256
8323
8706
9221
1841
2797
3725
5781
7479
7542
7579
8402
9934
3338
3464
4014
4085
5167
5517
5537
7522
7741
8813
9993
0246
2949
2996
3405
4449
5322
5483
5830
8116
3776
5207
7179
7829
9486
4327
5146
7985
8128
8313
9023
4129
4306
4326
4885
6224
6489
7283
9953
4342
4378
4661
5787
5821
6277
7510
7813
8753
8806
0018
6477
7243
7472
8205
8287
8464
0690
2969
4434
4617
6258
8125
8474
8526
8643
9015
3243
3910
3922
4438
5473
5606
6771
8096
8824
2396
2694
2844
2863
3517
4668
4772
5041
5057
5793
5831
5988
6568
7785
1637
3448
3488
6585
6601
9006
2895
3413
3735
5018
5245
5314
5644
6963
8108
2938
5239
5274
5372
9020
0660
2738
2751
3847
4186
4202
5932
6004
6984
7905
9114
4237
5352
6632
7245
8265
9985
1497
2957
3044
3084
3760
4195
5476
7333
3167
3659
5771
6641
6703
9704
9903
9971
3616
4103
4178
5158
5855
6269
6312
6502
6642
7598
5442
8907
4813
5540
6242
9905
3174
4369
4631
6261
6458
7332
7910
8741
8825
3173
3660
3672
4135
7492
9088
9963
4534
4725
5720
6866
7428
3544
4351
4842
5721
6112
7142
7304
7518
7828
7830
9658
0006
2955
2997
3398
4203
5417
6624
8291
9764
3139
4289
4855
7278
7863
8563
8723
9502
3966
4731
6571
8015
8846
9195
4403
4615
6323
6472
7268
7423
8696
4471
4530
5631
6520
6943
7539
7977
8003
2449
3492
5204
8612
9923
2675
7533
8220
8271
8804
2760
4742
5636
5953
6877
7322
7586
3271
3459
4039
6156
7519
2597
3295
3602
4348
4437
5071
5126
5332
6265
6478
6821
7155
7174
9555
3419
5768
5968
7015
7212
8826
2958
3822
3920
4549
4722
4867
5581
6620
7105
7762
8215
3372
3635
4995
5307
5625
6221
7152
8302
9118
3858
5852
7756
9888
3176
4236
4541
4584
5568
5880
6030
6646
6653
6986
9783
5405
6548
7728
8292
9956
4828
7384
7441
9597
2758
4453
5622
6933
8060
2794
3058
3091
4161
5376
6145
7033
9867
4516
6199
7006
8232
9873
3789
5180
5572
6025
6065
6974
7141
7252
7818
7908
8489
9093
9395
9771
5184
5715
5824
5989
6602
6800
6920
9317
2753
2964
3381
5460
5573
6254
6550
7325
8555
8651
8674
8904
2978
3476
3484
3485
4506
4895
5159
5329
5361
6196
8565
8809
9299
9776
3418
3597
4784
5767
5887
6469
7170
7665
2838
2898
3679
4393
4701
5054
5191
6459
9224
9690
3375
4218
4818
5063
5868
7005
7725
8253
8896
9056
3195
3360
3686
4108
4165
4354
7720
8625
8859
2767
4365
5244
5895
6554
8405
5480
5624
6328
6822
9310
9699
4116
4148
4901
5345
6374
6945
8413
8895
5107
5108
5327
7545
7730
8189
8707
8919
2778
3608
4750
6515
8214
3694
4054
4662
5427
6292
6604
8451
0015
3759
4888
5163
5620
5780
6114
7135
7173
7263
7431
7525
8621
9788
2073
3061
4274
5330
6589
7388
9202
3429
3460
4370
4846
4877
5119
5360
6674
7114
7543
7570
8542
9156
5397
6825
8150
8223
8495
3292
3828
5202
6115
7226
7987
8490
8666
8713
9371
0192
2939
3187
3727
3820
4016
4162
4429
5882
7286
8290
9095
0761
2976
3519
4629
5692
7164
7405
7832
8013
2974
3357
4033
5494
6673
6810
7324
7680
8199
8550
8872
9623
3688
5903
7122
2779
3523
4175
4189
4644
4889
5574
5816
7679
1794
3853
5808
5893
6434
6879
8463
3944
4277
6260
6613
7647
8014
8102
9949
4026
4650
5619
6063
6191
3826
4787
5281
5290
5755
5897
6208
6362
7214
7301
8712
8797
8908
2936
4273
4503
4677
6154
7590
7622
8455
9710
3087
4267
7875
7986
2935
3157
3371
3409
3788
4341
4386
5291
5347
5618
6468
6628
7809
3844
4028
4287
4519
4537
5660
5857
6270
8976
9644
9887
2894
3089
3197
4159
5276
5296
8529
9802
9906
5518
6241
6473
7133
7752
7850
8530
8819
8875
2773
5747
6033
7585
7729
7824
9785
1767
3178
5447
5797
6257
7819
7919
8109
8906
2067
2967
3052
3975
3999
4624
5876
6214
7604
8219
4346
4626
4921
5056
5613
5921
6080
6909
7371
7706
8401
9295
1796
3039
3473
3497
3596
4171
4308
4788
6431
7220
7468
7885
9201
9314
9327
2859
3247
4465
4592
4979
5190
5640
5764
6141
6889
7868
7941
8574
9535
1761
3183
3379
3598
4773
8170
8532
9454
9733
9918
0066
5364
8113
8502
8531
9016
2749
2965
3190
3619
4436
4959
6005
6878
7504
9175
5270
5820
6552
6572
6614
6874
7255
7353
8124
8317
9621
9724
9787
3085
3290
3516
4096
4717
5228
5867
5943
6315
6481
6982
7742
7921
8191
8331
8719
9083
3051
3192
3299
3781
4807
5028
5218
5659
5912
7331
7764
8689
9421
2896
2951
3149
3653
4778
5437
5614
6314
7884
8545
9117
9144
9231
9420
0200
4196
4697
5786
6981
8202
8472
8992
9103
2093
3629
5137
5294
5723
5801
5884
7498
8422
0247
3561
4181
4476
4719
4936
5275
5772
7521
8845
9845
6650
6813
7132
8051
9426
4740
4853
6772
8315
8623
8703
2641
4779
5384
6019
7486
7555
8492
9741
0191
3163
4031
4182
4238
4310
5977
6247
8769
9198
3038
3479
3933
5009
5694
5818
5833
8433
8721
8974
9635
4463
4786
4835
5265
5293
6181
6355
6429
6522
6605
7150
7242
7295
7765
8141
8582
3194
3589
3718
5037
5340
5490
7355
7369
7583
8491
8821
8886
3037
3138
3823
4595
4879
5828
5920
6953
8135
9029
9980
0900
3351
4676
5033
5301
6150
6467
6534
7118
7675
7821
9005
9808
3481
3606
3634
4759
5704
6754
7726
8803
9809
9967
1639
5195
7552
8070
8326
9634
2839
3705
4375
4702
7715
7814
9666
0028
2593
3172
5381
5406
5653
6563
8230
3437
3704
3941
4205
5783
5834
6427
7376
7589
8480
9925
3475
4985
5864
7330
8298
4350
4728
4734
4771
5075
5509
5705
5714
6623
6652
6872
6898
6968
7317
8231
8301
9598
9639
2673
3480
5175
5529
6440
7045
8646
9444
2966
4955
5409
6243
7564
9122
9412
0145
3880
5106
6106
7624
7805
8564
2860
3895
4285
4912
5144
5382
6645
7104
7513
8777
8986
9399
9460
4066
4109
4908
5017
6361
2743
2836
3471
3954
4473
5320
5386
5987
6202
8454
9491
2867
3613
5592
7345
7716
8252
8575
8920
9146
9220
3879
4467
4953
5358
6090
6324
6727
3082
3427
5492
9218
9235
3563
4239
4470
4553
5448
8319
8665
8933
9968
3661
4713
4887
5066
6682
6930
7019
7574
8266
8626
9913
2768
3193
3576
4174
5259
5629
6140
7645
7790
8494
8645
2736
3609
4845
5032
5336
5898
6180
6198
7763
8436
8715
9256
0229
3057
3720
3836
4305
4718
6540
6621
6790
8251
9143
3707
3728
4172
4576
4630
5016
5089
5334
5586
6155
6301
6760
7442
7735
8820
3881
4557
6032
7279
7657
8155
8345
8784
9582
4318
5734
6819
8387
9040
0587
3560
3604
4643
5751
6680
6975
7759
8840
9799
0937
3408
4336
4637
5308
5861
5909
6160
6170
8580
8601
8756
3281
4168
5750
6278
6997
7381
9041
9233
9499
3786
4184
4509
4684
4781
5134
6333
6377
6887
7075
7808
4695
5802
6231
7144
9818
9924
2638
3722
3747
3755
3758
6227
6354
6576
6907
7480
8024
8654
9431
9820
9824
9945
2889
4107
4372
4604
6580
7323
8710
9207
9315
0030
3732
3740
4597
4928
6398
6448
9777
3078
3764
3832
4822
6367
7248
8799
0079
0580
6637
7228
8952
9463
3054
3675
3976
6203
7686
7990
8546
8590
8762
8940
9369
9611
4770
6088
6658
7234
7853
9853
9866
3075
3507
4081
4185
5419
5638
5670
6479
6786
6990
8122
8874
2746
2937
3499
5860
7471
8293
8554
9531
9612
3072
3893
8641
8970
9614
3631
3674
3915
4029
5403
6339
7014
8254
2762
3439
3518
3703
5628
6216
6294
6415
6734
6864
7320
7550
7804
9303
3980
4608
4814
6381
6392
7231
7303
7858
9301
2732
2953
3715
5848
6904
7213
8341
8967
9026
9948
4183
4435
5804
5992
6350
6483
7581
7612
8186
8457
9031
9803
2862
5128
5889
6980
7159
7872
8653
8925
9946
3921
6267
6399
6461
7013
4459
5173
5346
5498
6562
8245
9978
2759
3741
4754
5470
5955
5964
6382
6764
7487
7978
8547
8566
9298
3529
4922
5402
5973
6187
6715
7204
7473
7912
9413
9596
9920
2948
3929
4819
5506
5703
5937
6218
6561
7025
8137
8171
8174
8243
8332
8553
9141
9414
9497
9974
3297
3627
3898
3919
4933
5338
5685
6820
7128
7166
7363
7469
8543
3729
3968
4051
5229
5982
6124
6287
6331
7451
7652
7709
8143
9404
5088
5109
5475
6023
6229
6418
7203
7316
4780
5707
5795
6102
6992
7623
7705
9250
0231
2934
3347
4167
4497
6419
7685
8922
9070
9534
9895
2960
3743
4309
5380
8629
9578
0153
2897
2943
2945
4297
4880
5148
5297
5395
8099
8247
9814
3846
5792
6385
6713
7151
7357
8275
8577
9078
3901
4915
5099
6299
6998
7131
9452
0400
4958
5429
6714
7031
8089
0032
3095
3706
3756
8314
8993
4198
4276
4281
4457
4841
6609
7366
8204
8393
8567
8796
8972
0090
3878
4259
4373
4636
4847
5183
7202
7375
7703
8929
9094
9423
3487
3573
4385
4605
5044
6182
6755
6777
6855
7236
7909
9107
9750
3367
3394
4729
5661
6401
7362
7413
7613
8131
8894
9028
9401
3889
5516
5842
6220
9181
0027
3877
4764
5961
6113
6132
6148
6353
6383
6702
8030
8656
9707
0182
3042
4366
6471
7305
7573
9212
9601
3819
4957
5209
5371
5748
8127
8928
8954
9695
3239
3766
4524
4966
5722
6798
7180
7380
7606
8632
9692
2670
3527
3807
4034
5379
6085
6835
8356
8442
9642
3855
4173
4446
4614
5098
6134
6634
6640
6873
7302
8224
8281
8798
3552
4559
5385
5507
6204
6499
7687
7842
8945
9154
9387
3697
4149
4872
5045
5461
5681
6389
6470
7826
8236
8501
8699
3930
4137
4398
4616
4692
4799
6513
6579
6617
7761
8016
8507
9149
9255
9593
3973
4627
5616
6151
6271
7658
8052
8168
8605
5637
6814
7450
7696
8579
8862
9501
9565
3772
3872
5549
5756
6149
6657
7672
9237
9302
3887
5870
6041
6219
6802
7593
7614
8153
8333
8863
3757
4388
5271
5713
5890
6209
6445
7313
8446
8975
3207
4837
5206
5965
6317
6375
6417
6627
6936
7372
7437
7704
8257
8695
8873
8980
9345
2959
3681
3744
3965
4507
5809
8679
9503
0016
3617
3830
4338
4368
5479
6924
7185
8269
8504
9721
2932
3724
3957
4609
4809
6368
6402
8263
8444
8475
9270
9708
3775
3947
4795
5998
6698
6710
6995
7393
7443
7603
8549
8658
8950
9678
9702
3628
3937
3987
4304
4329
4358
4693
4694
5769
7750
8146
8551
9844
9936
3053
3506
4538
4783
5601
6138
6530
8053
8177
3483
3667
4439
4660
4898
5799
6223
6582
6708
7402
8172
9432
9805
3549
3802
3928
4099
4157
4931
5091
5179
5916
6107
6742
7165
8091
8222
9281
9576
3440
3713
4191
4389
5695
6105
6394
7523
7649
8305
8771
3470
3682
5238
6494
7502
8450
8664
9194
9730
2963
3349
3787
4291
4708
5407
5719
7626
8192
3558
4823
5593
5735
5749
6337
7798
8045
8316
9433
3495
4796
8481
8528
8775
9331
9550
0078
4743
4775
6449
6497
7793
7838
7841
7923
7924
8336
8382
8458
8648
9521
3924
5597
5609
5788
6146
6157
6509
7237
7409
8768
9872
4681
5906
6514
6720
9124
9276
9397
9914
3869
3946
4058
4527
5434
6414
6441
6485
6741
7929
9422
9479
9496
0160
0486
3539
3963
5388
5872
6359
6573
7608
8702
4163
4871
5832
8893
9104
4335
4367
4376
6757
3771
3925
3936
4019
4303
6785
7644
8234
9765
9965
2998
4461
6281
6395
7167
7952
8792
2952
3774
3899
5493
6405
7281
7397
7893
9932
9976
4017
4194
4328
4495
5727
6344
6442
6444
6539
6914
6922
7240
7291
8077
8415
8434
9204
9357
4056
4391
4690
7315
7484
7684
9163
3837
3917
5095
5917
6931
7403
7495
7547
7915
9116
9522
9735
3592
3894
4382
5302
5373
5428
6137
6890
7244
7466
8606
9019
9684
5349
5737
6188
6831
7668
7753
8255
8483
2941
3153
3862
4790
4798
4927
6493
7169
8244
9520
3046
3092
3587
3752
3849
8725
8914
9641
9829
0081
0098
3687
3817
3948
4741
6391
8042
8931
9051
9417
3559
3882
4402
4926
6330
6406
8419
8683
9575
9640
9757
2994
3918
4317
4831
4861
5430
5495
5539
5865
6430
6721
6880
7481
7496
8435
9180
9350
3726
3949
3961
4166
4882
5036
5990
6486
6875
6932
7944
7969
3923
5198
5708
5939
6186
6745
6955
7708
8352
8705
8785
8915
9109
9466
3098
3816
5086
5608
7643
8035
8793
3902
4052
4139
5295
5760
6103
6302
6756
6833
7044
8843
9120
9238
9288
9752
3671
4337
4640
5166
5196
5596
6280
6384
6393
6773
7195
7290
8299
8644
8693
8960
9505
9907
4730
5393
6451
6782
8508
8735
2841
4387
5607
5931
6015
6285
8280
8978
9835
4197
4492
4766
4923
5391
5736
5915
5941
6712
6908
7109
7209
7601
8389
9145
9860
4937
5083
7296
7386
7792
7871
7922
8479
8955
9190
9488
3074
4396
4886
4970
5754
5997
6619
6993
7356
8198
8355
8468
9571
9652
9970
3657
3960
4707
5042
5725
5807
5925
6139
6508
6733
7280
7351
7462
7594
7609
7795
8079
9456
9806
9841
3865
3913
4024
5197
5958
6246
6551
7042
7565
8031
9184
9687
3273
4061
4371
5744
5981
6447
6847
6856
7088
7404
7820
7975
8142
9197
9975
3765
3890
4106
4295
4699
5761
7230
7526
7699
8807
8815
9164
9230
9322
9823
3866
5717
5913
6143
6805
7335
8441
8776
9525
9664
0045
0072
2761
4164
4272
5850
5856
6016
6024
6631
6944
8190
8536
9326
9448
9551
2870
3981
4380
5067
5317
6528
6892
7920
8139
8576
8708
8831
9127
9296
3956
4299
5929
6347
6373
6608
6672
7269
8398
8445
9025
3782
3914
3952
4827
5399
7318
8568
9013
9320
9964
3951
4571
5064
6055
6185
6780
6781
7189
7534
7562
8278
8660
4833
5984
6195
6351
6823
6876
8166
8399
8764
3677
5894
6651
6828
6893
6952
7022
7560
7616
8161
9476
9545
9585
2793
2961
3859
3886
4496
5187
5357
5367
5975
5978
6329
6618
6684
7806
8107
8948
9206
9213
3593
3783
3904
3979
5077
6168
7089
7817
8535
9793
4917
4980
5319
5817
6758
7611
8273
8476
8842
9024
9330
9498
9580
3730
3932
4088
7156
7307
7416
8216
9045
9396
9568
9622
3407
4986
5602
5974
6372
6799
7933
8663
8838
8849
9089
4892
4975
6238
6603
6951
7365
7379
8342
8470
9176
6273
6340
6775
6797
7956
9304
9516
9902
3784
3848
4290
4735
4903
4909
5049
7238
7816
8071
9842
3854
4374
6830
7055
7073
7470
7870
7914
8622
9931
0132
4961
6077
6174
6175
6239
6408
6707
6723
7251
7341
7457
7760
7916
8414
8573
8780
8835
9225
9319
3096
3754
3996
4876
5348
6109
6142
6193
6308
7154
7364
7554
8159
8447
8460
8949
9537
3509
3790
4049
4339
5899
6358
6719
7035
7453
9290
9398
4047
5189
5663
6295
6298
6903
7217
8406
8761
8861
9610
3049
3753
3875
4089
6475
8126
8248
8832
8985
9232
3086
3770
3958
4359
4407
5604
5726
5740
5785
6205
7018
7178
7634
8374
3463
3818
4948
5047
7137
7265
7928
8160
8473
8614
8943
9464
2947
3068
3785
5919
5924
8334
9282
9445
9540
6559
6584
7344
7851
8841
9097
9305
0026
5062
5176
6457
7063
8982
9205
3496
5741
5986
6915
7161
7619
7950
8619
8709
9837
2857
3583
3798
4967
6167
6380
6487
6851
7024
9260
9938
3683
3717
3950
4893
4963
5933
6743
6779
6885
6949
7040
7294
7974
7993
8238
3043
4083
4830
5027
5742
7568
8330
8755
8853
9566
9747
5328
5849
6133
7571
8369
9362
9819
3885
3982
5389
5904
5907
7449
8217
8392
9254
9935
3093
3953
3955
4920
5306
5829
6194
6341
7463
8018
8061
9508
9563
9705
6091
6590
6905
6921
7429
7553
8924
9033
9291
3503
4340
5993
6480
7349
7796
9018
9185
9257
9675
3736
4264
4674
4727
4744
4870
5765
5851
6503
6809
8650
9096
9147
9258
9843
4038
4381
4714
4874
4969
5728
6313
6778
6837
7427
8289
8453
9547
3805
3972
4974
5709
5778
6172
6599
6994
7074
7158
7446
7674
4619
6404
7093
7108
7257
8335
9546
2843
5378
6747
7054
7206
8134
8636
9092
9625
3685
4669
4716
4941
5996
6848
7483
8066
9219
9886
4330
5082
5208
5697
6136
6293
7157
7958
7992
8103
8783
9813
3935
4302
4839
5078
5383
5743
8357
8417
8557
8854
9384
9929
3780
6051
6570
6581
7361
7378
7602
7723
7751
8194
8461
3874
3876
6290
7835
8240
8467
9187
9609
3831
4905
6348
6527
7253
7847
8364
8599
8829
9160
9203
9668
9864
6862
7205
7640
8152
8209
8603
9131
9599
9751
9917
4638
4704
4857
4952
6158
6396
7293
8138
8276
8652
8865
8971
9519
9524
9760
0157
4053
6042
6306
7309
7503
7642
7651
8936
8964
9356
9365
3959
4390
4913
4960
5165
6859
7328
7398
8260
8634
8744
9253
0142
3856
5730
5753
9027
9712
4881
5365
6577
6815
7567
8966
5035
5967
6179
6228
7334
7354
8033
8499
8540
8655
8751
9179
9604
9615
9827
3198
3709
6017
6639
7641
8340
8997
9150
9228
3762
4902
4981
5392
6784
7116
8981
9055
9554
9893
3851
5594
5794
6177
6596
7367
7505
7655
8469
9472
0250
4069
5739
7297
7731
8722
8740
9287
3905
4383
5068
5902
7732
7976
8581
8739
8983
4894
4978
5038
6371
6433
6506
6557
7314
8327
8397
9831
3843
4176
4607
4671
5779
5994
7148
7216
7259
8187
9275
9355
9645
5746
6857
7572
9570
9784
9880
4046
4873
5387
5979
6183
6376
7387
7460
9438
9825
4829
4843
5350
5617
5827
5881
5883
6343
8827
8944
9754
3873
4696
4768
5752
8156
8208
9014
9485
9509
9715
5029
5649
5837
6965
7489
8218
8403
9108
9272
9962
4037
4976
5439
6753
7968
9135
9240
9961
2962
3438
3769
3984
4298
4803
5603
8235
8325
9323
9674
3731
5930
6927
7028
7406
8129
8867
9132
9236
9942
4364
5339
5905
6518
7191
9189
9252
9363
9926
0135
4746
4797
5814
6034
6052
7060
7085
7103
7197
7663
7837
7903
8320
3643
4945
5059
6118
7516
7984
8093
9168
9284
9939
9951
5186
7683
7698
8459
8571
9177
9223
9325
4709
6939
7407
8429
8661
8871
9416
3884
4918
6643
6948
7342
9543
9605
9618
3493
3977
4493
5985
6028
7146
8164
8372
8593
8795
9066
9129
9251
9781
3063
3861
4379
4782
5651
5923
8377
8851
8918
9243
9283
9726
4057
4996
6071
6192
6291
7605
8344
9782
4956
5097
5762
9467
3827
5074
6197
6531
7528
7556
8158
8760
9266
9930
0555
0780
5065
6766
7499
8449
8516
9274
4726
4760
5706
6647
7336
7632
9172
9245
0230
3962
4193
4665
4804
4817
7509
8206
8720
9484
9834
9885
0134
0345
5733
6127
7183
7260
7628
8233
8598
8930
9227
3829
4745
4929
5732
5745
6031
6237
7162
7690
8583
8685
9216
9316
9881
9916
9928
5072
6983
7659
8226
8418
8830
9032
3964
5718
6793
7043
7176
7199
7631
8132
9380
9383
3073
3768
3992
5699
6934
7440
7507
4762
5194
6906
9626
0456
4890
6537
7746
8069
8227
8659
8772
9406
9628
9655
3716
4977
5877
6307
6360
6529
6732
7187
8046
8074
8428
8496
8994
9709
9790
9863
6370
7107
7271
8527
9170
9828
9892
3809
5914
5949
6250
7062
7385
8133
8268
8556
8584
9552
9773
5936
6770
7138
7360
8178
8203
8916
8984
9318
9973
4095
5449
3676
3990
4084
5840
6035
6144
6607
6685
7459
8256
8817
9277
0074
0171
3368
4059
7834
8694
9234
9246
9441
9673
9681
9744
4971
4972
7638
7692
7936
9217
9613
6316
7493
9166
9332
9557
9927
3978
6752
7160
7396
8157
9453
6635
7099
7184
7653
7840
8279
8774
3835
4919
4973
6881
6959
7401
7408
8144
8927
9428
9817
3799
4836
4998
6147
6695
6725
7925
8680
9425
2861
3449
3896
3970
5729
6159
6206
6817
7955
9044
9136
9196
9407
9586
0864
4082
5398
6039
7078
7306
7435
8704
8746
9992
3094
3863
4943
6387
7430
8106
8350
8607
8962
9405
3793
4603
4703
5043
5094
5950
6416
6460
6854
8431
8438
8514
8630
9606
3796
4091
5784
5841
6176
7636
9608
9774
9994
4914
5087
6526
6976
8098
9081
9429
9589
2835
3767
4384
6832
7517
8375
8728
8748
9159
9556
9573
9685
9822
2942
4641
4925
5951
6184
6946
7350
8408
8437
9075
9474
9562
0050
3795
3938
5803
6841
7235
9507
9896
5605
8362
9851
4932
5046
5796
6717
7947
8782
9370
9487
3779
6443
6629
6882
9289
3870
5983
7508
7768
8627
9069
9459
9482
9840
4071
5305
5845
7352
7945
8378
9017
0034
3868
4361
4899
5971
6675
6824
7662
8781
9688
3047
3903
4397
4944
5073
6027
6286
6476
6492
6867
7998
8027
8376
9133
4574
5034
5084
6044
6108
7129
8179
8767
8941
8995
9105
9271
9372
9382
9536
9672
3892
4067
5790
5886
6863
7395
7803
8304
8373
9036
9261
9354
9815
4573
4767
4992
6153
6834
7538
8324
8353
8628
9280
9338
9848
0978
3605
4319
4930
6349
7650
8163
8427
9242
9335
9671
9850
9937
3403
3943
5776
7041
7287
7596
7846
7904
8258
8602
8681
8947
0155
4064
6806
7359
7629
7694
7902
8578
9297
0169
3860
3931
3974
4738
5766
5918
5926
6217
6335
7048
7049
8154
8729
8766
8794
9215
9415
4732
7620
8094
8662
9620
7198
8346
8439
9656
9894
5039
7558
8044
8380
9151
9858
4307
6884
6925
7017
8054
8608
8613
9662
0154
3734
4947
6895
8631
9263
9342
9686
9723
3749
4962
6045
6558
6729
8149
8834
9077
9424
9745
9915
5871
5934
7308
8169
8241
8534
9489
3778
3926
7076
7682
8856
0152
0898
4065
5927
6327
6516
6517
7069
7637
8207
8267
8503
8594
8616
9473
4838
5390
6896
7844
7957
8034
8366
8737
9703
9941
4068
5096
7066
7831
8409
8759
9391
9770
0963
4392
6249
7047
7358
7615
8193
8395
0031
2946
6438
7994
8370
8544
9126
9264
9734
3988
4805
7839
3983
6356
6748
8509
8942
9139
9353
9643
4138
4993
6744
8309
9766
4395
7149
7192
7943
7949
8749
9279
9308
9450
9780
6069
6073
7671
8538
8539
9364
9722
9884
6135
7190
8195
8676
9085
9377
4942
6207
6736
7016
7490
8692
5633
6048
6935
7563
8026
8095
8763
3997
5839
6075
7660
8396
8839
9861
9984
0199
0890
5085
6763
7056
7587
8237
8847
8934
9577
3985
4724
5724
5805
6648
7270
7461
7836
8032
8297
8347
8391
9706
0791
3857
6018
6964
7494
8151
8259
8343
4594
5081
6960
8239
8407
8537
8946
9529
0466
6941
7036
7065
7370
7506
7857
7965
8063
8176
9262
9313
9539
9720
0181
5496
6917
8368
3498
4924
5092
7106
7972
8117
9134
9660
0035
6751
6808
6826
7859
8609
8635
8996
9244
9732
9767
0164
0571
6592
6765
7963
8667
9152
9427
4793
7134
8308
8328
9268
9796
9983
0380
0788
3792
5497
6388
6928
7079
7298
7962
9248
9481
0379
0440
3059
3076
3083
5192
5944
7163
7389
9183
9286
9526
9541
0041
0277
3871
6694
6803
8561
8953
8973
9368
9443
6129
6595
6929
7348
7695
8165
9408
9462
9794
9795
4776
5139
7029
7693
8307
5956
6189
6490
6804
8038
9063
9714
9725
6078
9518
9693
4939
6390
6967
7597
7964
8339
8617
9694
9769
0175
0586
3607
4036
6593
7026
8041
8637
9140
9648
0532
6038
6047
7544
7633
7648
7996
8262
8837
4063
4360
6054
8162
8747
9174
9309
9403
0054
6046
6067
6068
6728
8048
7092
7194
7249
8471
8672
3808
4997
5193
5370
5980
6309
6583
7966
8029
8597
9065
9169
0162
4072
4737
6059
6304
6850
6962
8173
8857
9351
9954
3998
4705
8337
8359
0150
3702
4672
4965
5702
7299
9148
9490
9492
9584
5922
5940
6852
7937
8935
9334
9374
9375
9378
9504
3967
4606
7027
7681
8430
8517
5738
6538
6735
7241
7529
7843
8197
9161
9587
9833
6853
7697
8360
8726
8770
9071
9659
9859
3834
5835
6865
6947
8062
8718
9064
9241
9336
9337
5798
6843
6858
7058
7439
9603
9972
3897
4834
6794
7618
8274
9434
6057
6730
7208
7497
8229
8836
9458
4706
6436
6836
7032
7347
7537
7934
9142
9869
0039
0177
5843
6846
9548
0248
7392
8147
8306
6326
6683
9360
9430
9646
3907
5838
7051
6704
6899
7394
9366
9523
9743
0042
3763
6437
7948
9957
0188
5773
7091
7438
8047
8064
8379
9376
7540
8697
8734
9483
9542
9569
4093
6827
8959
9186
9269
4906
4954
7436
7549
8059
8440
8968
0700
6762
7057
8028
8559
9475
9533
3067
5942
6783
7434
7951
9480
9607
9616
0140
0235
4739
5970
6916
7196
8175
9493
4097
6940
7067
8698
8917
9447
9736
0982
3803
7087
9247
9457
9590
4062
6496
9385
0781
6276
8390
9763
3806
6379
7124
8724
9157
4940
7670
7940
9477
9592
6738
7061
7954
8957
5701
6087
6724
6937
7960
9054
9209
9560
9667
9679
0156
4086
8618
8937
9042
9581
3906
3916
4946
6740
7930
9846
6058
7039
7848
8167
8416
8671
9226
9742
5976
6950
6961
7095
9564
9583
7059
8572
0184
0387
0455
0585
6346
7261
9665
0085
6750
9392
9816
4092
4698
5946
6737
8348
9373
9594
0052
3867
6081
8076
9034
9677
4938
7098
0053
4076
4078
5079
6026
9650
6297
6706
7346
4075
5076
8727
9043
5928
6082
6731
7068
7907
8057
9267
9561
9862
4794
9361
5185
6053
6709
6796
6918
8136
9950
0988
4249
9082
9402
9756
7855
8738
0075
4018
4964
6759
7086
8506
9574
5908
6037
8097
6697
6718
8367
9086
9572
9689
9759
0048
4294
7973
8351
9259
9436
9676
9947
4907
6079
6716
7340
7740
7932
8058
8349
8394
6397
7229
7607
8249
8773
0167
6296
7046
9386
9826
0388
3986
5957
6029
6099
6774
7327
7971
8056
9038
9306
9344
0172
0599
5716
9637
4897
7034
9153
9239
0047
0989
6338
6938
7627
9329
9627
8075
8548
8716
9067
4806
6305
6860
7094
8294
9352
9567
0280
0535
3908
7064
8498
8714
9273
6507
8363
3097
7338
8296
9943
5806
9046
9952
9729
9778
0454
6816
7906
9285
9442
4883
6897
7661
9381
9882
6036
7052
7961
0582
7368
0193
0244
5394
6726
7329
8329
0194
8036
9661
8242
9775
8365
9084
9418
0233
3761
4087
9718
0782
4982
6098
9138
9389
3989
6553
6705
7918
9857
4904
6096
7927
7959
9849
0091
0288
6761
8381
5138
7561
8682
0178
0485
6083
3864
7617
7953
9348
9478
9651
3494
6173
9048
9419
9440
0073
3804
6093
7239
7343
9719
0784
4761
7849
9208
9838
0242
6086
6089
7739
7939
8049
9328
9451
9469
4763
5952
8961
4968
6739
6839
9680
0234
8938
9278
0141
4098
6056
9761
9836
0245
6386
8570
6792
8518
9158
9165
0089
5948
8148
9072
9579
5935
7794
7995
9074
9762
0133
4935
8497
8670
9506
9847
0600
9347
5938
9346
7136
7390
0341
0477
6439
6861
9068
9340
9359
9717
6064
0358
8640
9446
0588
5954
8092
8295
9076
0888
3934
6894
9468
9437
9940
7738
7970
9249
9379
9465
0432
4074
5093
6818
8932
0043
0255
6586
8196
9307
0274
0932
7168
9035
0232
9728
9883
3994
9439
0036
7935
8779
9053
8358
8730
9073
9647
9740
4634
5947
7339
9758
9772
0678
0980
5396
7084
8261
0170
3723
6043
6638
8043
8860
3797
0490
6072
9538
0598
7081
0451
8939
9619
4639
6495
6795
0334
6407
6498
8638
0189
0298
0583
0664
7639
0137
0198
0256
9746
0173
4349
0269
6829
7096
9324
0037
6957
7566
9470
9553
0252
4073
8678
9265
0986
6807
8065
9358
9739
0487
6097
6956
0040
0655
8361
9039
9435
6849
9528
9649
6597
8072
3708
7083
7630
9737
0180
9471
9683
7967
9755
6092
0056
6076
8068
8673
9617
7186
7053
9748
0578
0279
0676
9629
0166
0984
0579
0881
9062
0540
0566
9058
0148
0431
0551
0243
0332
0565
7097
0064
7917
8649
4934
9178
0062
8493
9049
9727
0787
7635
9061
0343
8039
8354
9558
8371
0236
0797
9549
6840
7527
9670
0462
6746
9839
0365
0886
7037
0897
9749
0534
8067
9047
0149
0138
6074
9341
9390
0151
0383
0179
0458
0790
0995
9657
0444
0741
9682
0385
0058
9830
0457
0564
6095
9059
0046
0185
0631
6049
6838
9367
0976
8017
0240
0779
0899
0096
0241
0381
6749
8639
9343
0265
0390
6594
6084
9052
0168
0368
0144
0669
0186
0051
0076
4094
0281
9716
0945
0195
0591
9057
0771
0469
8717
0482
7807
9037
0174
0373
0351
0559
6926
0049
0470
0260
0893
0363
0545
9167
0584
0876
0136
0657
4394
0474
0574
9544
0282
0442
0342
0892
8078
0480
0696
8736
0570
0973
8958
9738
0291
0489
0337
0336
0671
9792
0484
0866
0879
9349
0776
0992
0092
0278
0488
0284
0979
0985
0747
0391
0795
0998
8073
0263
0558
0146
0753
0870
0885
0765
0377
0593
0833
0356
0953
0270
0889
0569
0572
0931
0176
0289
0896
0158
0262
0686
0682
0752
0695
0875
7938
0286
0285
0237
0496
0772
0775
0057
0299
0396
0386
0946
0751
0862
0082
0287
0347
0681
0253
0759
0541
0259
0335
0887
0590
0344
9079
0954
0561
0688
0163
0543
0785
0575
0645
0977
0038
0161
0360
0971
9409
0065
0257
0640
0592
0981
0597
0359
0491
0895
0059
0969
0196
0443
0483
0754
0183
0560
0093
0798
0595
0372
0467
0475
0968
0251
0732
0936
0378
0471
0553
0878
0654
0792
0935
0375
0266
0399
0094
0393
0544
0832
0685
0084
0283
0452
0546
0264
0478
0692
0799
0883
0346
0773
0944
0661
0933
0061
0778
0855
6094
0874
0068
0760
0966
0364
0554
0548
0086
0165
0249
0542
0699
0371
0568
0957
0476
0276
0353
0869
0272
0394
0468
0877
0693
0268
0670
0641
0293
0350
0547
0494
0197
0254
0843
0993
0095
0573
0382
0060
0445
0947
0536
0290
0493
0853
0844
0447
0694
0952
0687
0975
0850
0292
0492
0354
0974
0689
0067
0261
0479
0733
0745
0755
0275
0434
0958
0793
0846
0796
0750
0856
0533
0675
0498
0395
0366
0481
0589
0863
0361
0463
0596
0854
0942
0983
0767
0842
0563
0581
0632
0473
0972
0348
0557
0389
0653
0677
0680
0437
0749
0955
0674
0698
0556
0635
0651
0951
0392
0374
0294
0594
0737
0865
0384
0577
0684
0349
0398
0941
0238
0882
0960
0857
0841
0845
0370
0567
0672
0658
0996
0296
0562
0659
0644
0748
0774
0495
0769
0450
0338
0464
0650
0673
0499
0679
0239
0873
0267
0087
0433
0539
0868
0744
0884
0273
0448
0497
0633
0962
0436
0459
0697
0734
0647
0950
0663
0576
0441
0297
0449
0461
0964
0352
0997
0355
0783
0656
0860
0097
0340
0549
0668
0740
0460
0768
0835
0465
0939
0667
0665
0762
0552
0858
0139
0683
0934
0735
0851
0956
0959
0538
0435
0838
0764
0295
0367
0970
0642
0848
0439
0453
0965
0634
0940
0637
0757
0861
0949
0794
0967
0472
0894
0636
0871
0943
0872
0834
0840
0376
0397
0446
0339
0646
0271
0746
0643
0652
0739
0847
0948
0758
0836
0938
0638
0961
0362
0648
0763
0756
0994
0537
0736
0743
0742
0438
0766
0662
0867
0859
0837
0738
0649
0639
0839
0849
