1234
1111
0000
1212
7777
1004
2000
2222
4444
6969
9999
3333
5555
6666
1122
1313
2001
4321
8888
0909
1010
0007
1818
2580
1230
1984
1986
0070
0987
1000
1231
1985
1987
1999
2002
2323
2468
0123
1123
1233
1357
1988
2121
1221
1324
2112
5150
1024
1112
1224
1969
1225
1235
1982
1983
1978
1979
7410
1001
1020
1223
1980
1981
1974
1975
1977
1029
1213
1973
1976
2020
2345
2424
1121
2525
1972
1515
1970
1989
9876
0001
0101
0907
1023
1414
1966
1967
1971
8520
1245
1968
4545
1964
5678
1124
1211
1318
4567
1007
1011
1963
1965
4200
1012
1025
1120
1125
1214
1236
7942
1028
3535
7890
1209
1227
0420
1210
5425
1222
1701
1717
1919
1959
1990
1113
1957
1003
1114
1220
1226
1956
1962
5252
0202
1002
1205
1215
1228
3232
0505
1128
1955
3030
0124
0303
0815
1013
1014
1021
1022
1027
1030
1101
1133
1945
1960
3210
5050
9090
0077
1092
1126
1204
1127
1130
1218
1379
1005
1009
1031
1104
1115
1117
1119
1203
1958
5656
1026
1103
1129
1217
1961
3434
7878
8282
0411
1017
1018
1019
1216
1229
1991
2626
6789
9111
0321
0808
1015
1118
1201
1202
1232
1008
1102
2727
3456
7979
0102
1052
1105
1616
1953
1954
1998
3131
0707
1206
1207
1208
2848
0121
0147
0316
1006
1219
1243
1942
5000
0011
0125
1108
1314
2003
2211
5454
0404
0912
1107
1423
1951
1952
2004
2233
2828
0214
1016
1116
1478
1950
3000
1100
1106
1110
1992
3636
4242
8989
0203
1109
1254
1321
7788
0604
0911
1492
1949
0311
1256
1346
0009
0120
0210
0314
0922
1290
1369
1432
4141
1472
2486
4862
0213
0625
1947
1948
0083
0510
1200
1453
0204
0711
0722
0908
1066
1323
1331
2510
3117
7894
9981
0110
0313
0326
0412
0923
1776
4040
0515
0918
0927
0928
1415
2010
5683
6996
7272
7474
0024
0111
0502
0512
0822
0917
0924
1312
1411
1941
1946
1994
1996
1997
2103
2244
2929
5151
7070
8080
0128
0225
0315
0413
0416
0423
0428
0525
0606
0714
1134
1812
1907
2008
6669
0012
0112
0122
0220
0302
0305
0310
0318
0323
0402
0410
0712
0811
0829
1080
1188
1412
1943
1944
1993
2005
2210
2356
3214
5858
6464
9898
0304
0312
0325
0327
0611
0704
0809
1248
1437
1940
1995
2123
2212
2332
2412
3211
3838
4001
4646
4747
9988
0013
0069
0099
0209
0212
0258
0319
0405
0408
0419
0501
0517
0521
0622
0813
0913
0926
0929
1144
1311
1590
1911
1937
2469
4711
5757
5888
0103
0114
0301
0331
0509
0513
0523
0721
0818
0914
3579
4860
0116
0208
0228
0317
0330
0415
0417
0486
0507
0610
0613
0624
0666
0807
0812
0820
0915
0919
1345
1452
1800
1914
2110
2311
2501
3690
3737
4000
4848
7575
0104
0129
0130
0205
0217
0224
0328
0414
0426
0524
0612
0616
0825
0925
1199
1350
1404
2312
3939
4455
7913
0219
0221
0322
0425
0526
0708
0710
0916
0921
1809
1939
2111
2314
2341
3006
6767
0119
0127
0218
0223
0904
1155
1177
1928
2202
4343
8585
9000
0078
0117
0118
0206
0211
0215
0324
0407
0424
0504
0506
0516
0522
0614
0723
0728
0729
0810
0824
0828
0920
2006
2104
2226
2255
5588
6565
7896
0429
0511
0607
0617
0727
0804
1300
1905
5959
0105
0126
0131
0222
0306
0307
0320
0418
0427
0527
0701
0717
0724
0725
0802
0823
0906
1258
1342
1397
1470
2011
3322
3344
3355
3412
8787
0010
0108
0113
0242
0308
0520
0601
0910
0930
1244
1322
1325
1469
1555
1730
2131
2918
3133
3223
3515
4568
4949
5353
5566
6262
8426
9874
0098
0107
0227
0406
0514
0518
0602
0615
0709
0805
0816
0901
1269
1410
1425
1441
1466
1525
1793
1908
2122
2134
2310
3113
4004
4123
8484
8899
0079
0115
0421
0422
0826
1237
1358
2012
2205
6405
0002
0071
0109
0201
0216
0226
0309
0519
0528
0623
0831
0852
1250
1310
1329
1435
1456
1516
1933
1938
2100
2258
2357
2511
3256
3321
3477
3669
6363
7007
7676
7899
8181
9696
0329
0401
0403
0530
0531
0618
0620
0628
0713
0719
1255
1380
1402
1821
1920
2007
2324
2333
3112
3377
3927
4562
5525
6868
7000
7734
9292
9900
0008
0609
0621
0626
0715
0718
0817
1333
1512
1711
2223
2411
2425
2442
3141
7412
0529
0603
0702
0803
0814
0903
1305
1500
1511
1596
1881
1900
1925
2369
3013
3111
3353
0106
0190
0207
0409
0503
0619
0703
0731
0827
1132
1138
1192
1315
1420
1541
1710
1789
1903
2105
2234
2236
2500
3310
5001
6497
0080
0508
0705
0801
0821
0905
1070
1240
1301
1303
1309
1317
1542
1888
1936
2101
2133
2288
2401
3213
3421
4561
4865
5432
6699
7171
7711
8008
9191
9510
0430
0605
0720
1042
1238
1302
1304
1320
1407
1523
2301
2410
2512
2514
3323
4111
5129
5225
5665
7373
7749
0806
0819
0902
1239
1359
1471
1510
1518
1532
1598
1836
1892
1902
1929
1932
2204
2230
2304
2588
3123
3215
3216
3825
6609
9911
0187
0608
0629
0706
0726
1088
1278
1289
1307
1316
1623
1688
1707
1820
1917
2021
2213
2235
2313
2456
3001
3003
3110
3233
3311
4114
4201
4268
4556
5123
5646
7531
8000
8686
9115
0716
1098
1147
1340
1356
1520
1530
1810
1910
2013
2124
2232
2508
2513
3388
3452
3800
4563
6543
7895
8246
0023
0627
0630
1145
1182
1187
1241
1288
1326
1408
1477
1501
1504
1505
1524
1595
1718
1775
1904
1909
1912
2143
2277
2303
2306
2321
2526
2527
3021
3160
3231
4456
4488
4554
4989
7789
9119
0143
0830
1032
1166
1175
1308
1332
1347
1401
1403
1479
1502
1503
1602
1608
1610
1819
1877
1906
1935
2009
2107
2109
2126
2208
2215
2218
2326
2334
2413
2505
2611
2707
2712
2811
3212
3366
4416
4500
6942
9595
9632
1040
1135
1178
1430
1458
1803
2132
2200
2201
2322
3122
4565
5112
5577
5654
6060
7799
0022
0152
1069
1131
1284
1375
1417
1424
1488
1551
1618
1652
1664
1719
2015
2030
2120
2203
2327
2507
2610
2662
2684
2911
3011
3108
3369
4232
4244
6161
6357
7787
0003
0021
0979
1041
1141
1247
1280
1319
1416
1421
1434
1603
1604
1611
1665
1709
1732
1828
1923
1927
2022
2080
2094
2102
2114
2130
2302
2307
2308
2552
2711
3105
3125
3221
4011
5013
7411
7654
7856
8021
0369
1090
1140
1149
1172
1185
1253
1334
1378
1406
1409
1413
1418
1422
1712
1728
1901
1918
1922
1930
2023
2108
2207
2221
2316
2405
2503
2612
2903
3004
3334
4474
4477
4486
4512
4884
6321
8411
8765
9797
1035
1038
1306
1405
1431
1486
1589
1597
1624
1924
1934
2106
2229
2309
2318
2331
2406
2589
5115
5456
5881
7778
9630
0351
0730
0999
1033
1036
1143
1162
1242
1286
1328
1400
1428
1444
1508
1540
1545
1599
1612
1703
1804
1811
2025
2115
2136
2225
2231
2300
2305
2325
2404
2417
2504
2520
2710
3121
3250
3303
3320
3325
3658
3721
4433
4523
5233
5544
7117
7123
9413
9583
0584
1067
1174
1257
1299
1507
1521
1580
1617
1705
1771
1807
1808
1879
1913
2040
2113
2206
2214
2272
2337
2407
2606
3012
3132
3245
3312
3313
3511
3698
4007
4142
4288
4431
4564
5424
6667
7179
7399
7477
8808
9110
9991
0072
1037
1198
1277
1433
1436
1517
2046
2050
2119
2144
2365
2402
2464
2502
2575
2633
2802
3010
3055
3103
3234
3433
3435
3691
4569
4578
5212
5354
5677
5689
7458
8898
9009
0014
0691
1057
1152
1154
1156
1169
1327
1352
1440
1506
1509
1526
1559
1626
1700
1704
1713
1778
1805
1822
2024
2125
2187
2209
2408
2415
2441
2539
2622
2703
2728
2772
2910
3304
3570
3651
3840
4333
4422
4560
4600
4700
5412
5788
6761
6977
8462
8509
9989
0004
0005
0342
0357
0990
1064
1079
1083
1139
1151
1266
1438
1522
1567
1570
1605
1620
1628
1702
1725
1801
2026
2135
2150
2241
2266
2290
2358
2400
2403
2430
2435
2509
2609
2708
2810
2882
3134
3200
3235
3236
3254
3266
3339
3512
3693
3802
4312
5070
5522
5880
5882
6453
6540
6677
6688
7771
9773
9877
0025
0100
0159
1050
1252
1298
1372
1377
1475
1899
2367
2455
2506
2627
3007
3157
3399
3403
3699
4411
4566
5423
5674
6125
7103
0018
0020
0033
0090
0230
0333
0880
1047
1055
1056
1058
1077
1148
1153
1180
1191
1246
1337
1457
1476
1514
1552
1575
1601
1722
1777
1788
1860
1876
1887
1921
1926
2045
2117
2141
2228
2242
2252
2257
2315
2378
2422
2426
2428
2434
2466
2574
2579
2603
2604
2801
2808
2812
2925
3100
3124
3166
3270
3315
3324
3411
3663
4219
4445
4520
4654
4864
5200
5221
5246
5263
5421
5455
5533
5574
5623
5912
6988
7001
7779
8013
8383
8575
0027
0777
1074
1167
1168
1173
1249
1330
1429
1450
1451
1531
1600
1621
1632
1666
1721
1739
1870
2169
2217
2224
2243
2245
2342
2344
2423
2480
2482
2522
2705
2777
2846
3025
3107
3224
3318
3577
4144
4421
4466
4868
5004
5005
5105
5420
5844
5861
5963
7301
7889
8624
9087
9112
9947
0188
0456
0900
1137
1150
1159
1260
1263
1297
1385
1442
1578
1579
1609
1622
1699
1708
1802
1806
1824
1915
2014
2145
2237
2280
2389
2531
2704
2709
2804
3120
3283
3331
3522
3733
4130
4441
4555
4785
5333
5511
5763
6017
6822
7011
7077
7200
7414
7643
7707
7712
7887
7988
7997
8011
8070
8088
8210
8472
8586
8951
9022
9933
9942
9966
9990
1276
1279
1349
1443
1706
1814
1832
2336
2409
2519
2569
2689
2714
2806
2905
3101
3179
3300
3332
3618
4020
4231
4354
5153
5375
6000
7773
7869
8311
8588
8779
9494
0015
0017
0064
0690
0878
0982
1046
1048
1053
1065
1071
1072
1073
1157
1163
1265
1275
1285
1335
1351
1382
1386
1399
1427
1528
1569
1592
1727
1774
1823
2118
2180
2269
2319
2330
2414
2416
2429
2467
2488
2523
2607
2706
3126
3158
3217
3363
3578
3790
4150
4582
4620
4815
5168
5410
5417
5523
6200
6225
7202
7304
7865
8010
8504
8577
8877
9012
9711
0006
0088
0134
0189
0250
0479
0800
0879
1063
1094
1171
1184
1186
1251
1268
1273
1348
1364
1365
1388
1446
1534
1537
1538
1550
1583
1654
1720
1754
1781
1827
1850
1890
1931
2140
2142
2335
2346
2431
2477
2529
2628
2701
2855
2909
2912
3009
3201
3277
3357
3424
3537
4125
4224
4258
4415
4546
4663
5010
5193
5325
5503
7100
7277
7610
7700
7769
7879
8107
8264
8642
9001
9870
9878
9899
1068
1267
1274
1336
1344
1535
1548
1606
1690
1726
1830
2355
2587
2600
2816
3142
3316
3326
3443
3534
4077
4454
4521
5121
5254
5433
5500
6542
6900
7227
7256
7744
8108
8998
9312
0145
0555
1051
1179
1190
1262
1272
1338
1355
1447
1459
1513
1533
1591
1607
1634
1714
1825
1840
1852
2019
2148
2164
2216
2219
2263
2274
2279
2286
2328
2340
2366
2436
2448
2515
2516
2528
2555
2590
2601
2605
2625
2723
2829
3114
3130
3330
3341
3410
3451
3569
3727
3792
3947
4414
4543
4588
4589
4666
4682
4790
5011
5169
5210
5232
5362
5404
5575
6288
6636
6661
6783
7210
7755
7882
7911
8312
8424
8521
8824
9512
9669
9713
9801
9955
0074
0789
1043
1075
1087
1142
1259
1264
1283
1339
1370
1454
1544
1593
1678
1723
1790
1829
1883
1916
2027
2116
2220
2391
2541
2563
2608
2809
2907
2935
2987
3002
3033
3144
3198
3203
3267
3299
3337
3345
3367
3425
3500
3504
3553
3637
4121
4402
4404
4448
4587
5104
5155
5177
5211
5236
5253
5488
5687
5885
6112
6644
6660
6869
7102
7491
7557
7718
7766
7897
7987
7999
8272
8525
8889
9014
9225
9394
0032
0140
0158
0577
0933
1181
1197
1296
1343
1353
1354
1374
1391
1394
1489
1490
1627
1815
1875
1882
2016
2017
2028
2052
2063
2177
2362
2385
2479
2481
3008
3090
3278
3314
3528
3536
3981
4211
4213
4214
4417
4570
4575
4656
4769
4774
4778
5213
5223
5308
5366
5400
5477
5486
5556
5565
5625
5746
5825
5967
6465
6544
6655
6786
7111
7198
7667
7904
8001
8018
8252
8425
8649
8669
8789
8848
8875
9513
0972
1295
1341
1419
1448
1467
1519
1733
1735
1844
1889
2317
2343
2390
2427
2521
2719
2881
2930
3104
3135
3164
3206
3280
3287
3654
4332
4400
4653
4866
5160
5270
5978
7448
7577
7644
7774
7958
8650
9998
0016
0045
0049
0075
0243
0770
0985
1076
1089
1161
1361
1366
1368
1371
1381
1387
1455
1468
1543
1562
1661
1684
1729
1783
1893
1898
2099
2127
2128
2129
2147
2154
2157
2227
2240
2265
2418
2420
2421
2433
2533
2545
2550
2583
2613
2653
2722
2733
2805
2807
2864
2901
2904
3014
3119
3129
3169
3184
3241
3246
3301
3521
3600
3707
3811
3849
4100
4112
4122
4420
4425
4442
4484
5020
5202
5222
5248
5251
5255
5257
5321
5445
5458
5494
5548
5693
5846
5957
6123
6525
6785
6797
6874
6987
7150
7456
7717
7898
8118
8153
8158
8186
8511
8884
8912
8919
9080
9393
9779
9889
9995
0550
0588
1034
1044
1054
1086
1176
1189
1270
1281
1426
1463
1563
1564
1568
1680
1724
1744
1897
2067
2138
2170
2192
2287
2298
2320
2338
2354
2360
2399
2432
2450
2470
2517
2534
2546
2548
2568
2576
2624
2663
2666
2803
2868
2906
3005
3015
3118
3220
3225
3237
3288
3294
3474
3711
4010
4210
4511
4533
4647
5152
5154
5245
5250
5306
5512
5545
5546
5600
5621
5673
5711
5960
6541
6665
6685
6895
7002
7004
7023
7511
7704
7714
7722
7733
7829
7891
8421
9979
0229
1095
1099
1170
1363
1484
1740
1835
1869
2018
2251
2377
2518
2524
2554
2729
3168
3373
3436
3652
4202
4234
4381
4424
4460
4532
4775
5280
5464
5567
5789
5946
6449
6653
6712
6978
7245
7475
7677
7877
7931
8461
8988
9731
9865
9987
0019
0076
0138
1081
1082
1096
1158
1282
1390
1480
1527
1536
1619
1636
1670
1686
1880
2033
2160
2181
2275
2276
2351
2379
2419
2458
2465
2536
2582
2585
2602
2620
2639
2755
2819
3115
3159
3305
3335
3338
3356
3478
3542
4021
4160
4245
4365
4742
4789
5060
5120
5315
5335
5478
5612
5657
6353
6411
6486
6592
6769
6776
6778
6842
7110
7486
7852
7873
7959
8126
8184
8310
8489
8502
8759
8814
8850
8910
9006
9023
9200
9339
9485
9856
9875
9996
0041
0042
0089
0144
0153
0157
0345
0431
1045
1078
1160
1193
1571
1613
1637
1669
1885
1886
2137
2185
2188
2248
2285
2375
2452
2462
2474
2535
2565
2615
2767
2779
2813
2834
2839
2888
2908
2972
2999
3024
3031
3145
3227
3261
3281
3309
3328
3336
3426
3432
3541
3547
3556
3666
3692
3710
3777
3824
4017
4024
4157
4212
4325
4356
4412
4601
4812
4817
4855
4869
5051
5465
5528
5585
5599
5628
5698
5713
5715
6155
6316
6886
6963
7101
7172
7211
7447
7500
7576
7611
7757
7861
7867
8100
8456
8523
8678
8800
8864
8900
8901
9117
9123
9677
9799
9813
9871
9916
9977
0142
0192
1164
1165
1487
1553
1594
1615
1625
1644
1760
1770
1787
2085
2246
2250
2278
2282
2299
2439
2460
2475
2478
2530
2789
3128
3208
3222
3258
3444
3585
3613
3615
3818
4055
4127
4539
4628
4649
4722
5024
5028
5116
5242
5310
5504
5809
5841
6164
6369
6461
7095
7260
7321
7579
7902
8055
8350
9969
0066
0137
0166
0282
0442
0778
1060
1084
1091
1136
1146
1183
1194
1271
1362
1389
1461
1485
1546
1547
1560
1577
1586
1588
1614
1668
1692
1745
1750
1773
1813
1826
1845
1848
2029
2031
2044
2055
2060
2153
2239
2284
2329
2347
2368
2451
2457
2566
2614
2700
2800
3109
3161
3209
3219
3240
3380
3406
3467
3486
3513
3545
3612
3625
3672
3823
3894
3914
3918
4033
4041
4126
4128
4206
4235
4243
4256
4548
4657
4901
5117
5133
5312
5521
5535
5551
5554
5754
5808
5869
5966
6275
6325
6554
6559
6633
6664
6713
7306
7326
7337
7604
7678
7824
7845
7909
7989
8133
8207
8318
8477
8487
8811
8828
9125
0031
0200
0663
0734
0980
0988
1049
1261
1287
1367
1474
1482
1573
1574
1587
1631
1638
1648
1663
1736
1838
1862
1864
2032
2047
2090
2155
2156
2238
2262
2348
2350
2443
2461
2570
2621
2667
2669
2686
2688
2702
2715
2718
2818
2856
3020
3116
3155
3244
3291
3386
3415
3445
3455
3462
3510
3543
3594
3639
3841
3911
4013
4022
4050
4152
4221
4225
4313
4550
4586
4655
4800
4879
4967
5052
5055
5111
5124
5230
5438
5463
5563
5595
5735
5758
5791
5879
5969
6036
6109
6111
6210
6211
6455
6500
6556
6566
6611
6656
6697
6912
6989
7151
7177
7188
7418
7421
7512
7612
7765
7770
7780
7860
7982
8180
8203
8512
8675
8721
8788
8812
8925
9010
9091
9100
9201
0235
0741
0864
1291
1398
1481
1585
1629
1682
1785
1834
1884
2034
2088
2165
2199
2256
2294
2380
2454
2472
2483
2532
2547
2578
2652
2820
2837
3042
3102
3182
3204
3242
3251
3259
3286
3306
3414
3423
3430
3476
3810
4012
4042
4228
4255
4311
4501
4516
4535
4591
4680
4710
4932
5162
5165
5282
5304
5330
5337
5355
5386
5411
5451
5466
5510
5513
5514
5564
5645
6110
6251
6280
6425
6548
6676
6694
6801
6954
6970
7022
7377
7532
7776
7782
7892
7980
8007
8104
8119
8228
8258
8384
8500
8513
8612
8668
8711
8723
8822
8890
8972
8977
9815
9909
0060
2139
2149
2174
2349
2665
3017
3150
3327
3533
3791
3900
4133
4418
4469
4861
4994
5021
5126
5291
5377
5543
5586
5777
6206
6399
6968
7021
7466
7478
7602
8002
8572
8991
0055
0073
0168
0191
0343
0385
0684
1195
1292
1293
1360
1554
1565
1566
1635
1643
1671
1675
1679
1715
1716
1747
1816
1817
1841
1861
1865
1871
1874
2035
2146
2151
2161
2162
2179
2253
2254
2268
2353
2374
2444
2485
2543
2577
2586
2617
2657
2668
2773
2814
2815
2823
2825
2902
3040
3163
3199
3218
3253
3265
3343
3379
3422
3546
3588
3611
3614
3945
3971
4015
4044
4102
4124
4176
4179
4185
4248
4329
4334
4344
4383
4440
4446
4497
4513
4540
4544
4547
4725
4867
5022
5025
5100
5157
5234
5557
5603
5639
5800
6006
6126
6165
6249
6254
6266
6310
6364
6511
6570
6622
6662
6663
6668
6687
6768
6911
7018
7137
7142
7332
7374
7415
7603
7673
7721
7726
7747
7759
7775
7880
7912
7920
7946
8081
8090
8123
8234
8589
8855
8892
9008
9011
9333
9606
9753
9821
9852
9919
9939
0035
0044
0179
0346
0535
0571
1059
1383
1384
1445
1561
1572
1641
1674
1677
1691
1731
1734
1786
1842
2057
2064
2065
2168
2175
2178
2247
2497
2567
2648
2713
2817
2833
2873
2900
3152
3180
3243
3247
3255
3317
3352
3358
3400
3420
3453
3505
3703
3750
3814
3925
3942
4078
4110
4113
4115
4320
4322
4386
4536
4611
5007
5110
5156
5235
5262
5268
5284
5348
5413
5415
5440
5461
5507
5578
5579
5624
5635
5669
5775
5781
5852
6120
6154
6300
6366
6407
6412
6488
6545
6890
6972
7080
7090
7189
7250
7313
7533
7580
7727
7812
7981
8111
8112
8798
8809
8810
8893
9515
9744
9812
0026
0028
0978
1085
1460
1473
1584
1647
2489
2551
2623
2650
2721
2750
2916
2922
3457
3524
3587
3590
3879
4223
4274
5017
5102
5231
5419
5441
6372
6420
6775
7112
7535
7605
7854
8301
8778
9173
9498
9519
9551
9555
0029
0063
0082
0092
0337
0532
0942
0977
0989
1093
1196
1376
1395
1633
1642
1649
1657
1687
1772
1849
1894
1896
2049
2056
2070
2077
2196
2281
2291
2364
2370
2437
2447
2453
2473
2561
2635
2677
2717
2720
2725
2853
3032
3035
3060
3070
3080
3089
3106
3147
3162
3202
3207
3279
3298
3302
3375
3442
3472
3501
3519
3575
3580
3622
3624
3628
3883
3960
4161
4168
4171
4279
4372
4450
4489
4664
5002
5032
5103
5144
5191
5256
5418
5472
5560
5576
5593
5602
5610
5632
5633
5812
5940
6023
6064
6157
6245
6336
6610
6626
6638
6654
6658
6795
6920
6971
6999
7068
7116
7162
7235
7274
7391
7664
7737
7758
7786
7807
7811
8113
8432
8448
8468
8486
8542
8648
8702
8869
8881
8920
9015
9311
9500
9633
9725
9788
9789
9912
9951
0068
0087
0248
0344
0485
0689
0775
0945
1061
1062
1396
1465
1556
1689
1780
1784
1833
1837
1863
2048
2273
2297
2388
2395
2484
2487
2542
2631
2636
2658
2679
2737
2781
2824
2866
2886
3022
3127
3264
3272
3340
3427
3429
3437
3516
3518
3520
3525
3526
3719
3773
3817
4205
4215
4277
4295
4310
4316
4323
4410
4432
4487
4526
4551
4552
4571
4590
4613
4619
4624
4648
4777
4911
5014
5033
5080
5130
5204
5217
5311
5331
5431
5462
5517
5655
5667
5676
5696
5768
5878
6001
6061
6069
6116
6145
6258
6428
6466
6502
6519
6535
6608
6671
6844
6984
7050
7093
7190
7214
7252
7285
7310
7400
7476
7510
7530
7551
7797
7800
7866
7971
8004
8012
8082
8089
8121
8179
8211
8218
8371
8406
8455
8530
8544
8558
8596
8700
8791
8866
8891
8967
9002
9052
9074
9140
9511
9545
9800
0180
0199
0890
1529
1645
1683
1743
1855
1856
1873
1878
2093
2163
2166
2359
2491
2787
2827
2920
2957
3068
3137
3282
3342
3349
3402
3404
3408
3419
3454
3554
3742
3798
3821
4109
4151
4504
4748
4791
4808
4850
5108
5141
5180
5214
5241
5259
5356
5408
5468
5553
5558
5569
5641
5765
5790
5840
5859
6469
6476
6678
6686
6756
6871
7010
7017
7089
7300
7417
7600
7656
7701
7741
7756
7876
7901
8244
8412
8688
8831
8833
8852
8880
9099
9306
9392
9808
9822
0094
0231
0234
0288
0300
0352
0652
0944
1462
1685
1767
1769
1853
1872
1891
2159
2171
2182
2186
2264
2283
2289
2292
2352
2386
2387
2438
2459
2564
2571
2572
2647
2664
2759
2791
2821
2830
2831
2842
2850
2869
2885
2917
2988
3023
3143
3170
3205
3226
3416
3428
3450
3539
3565
3571
3610
3645
3646
3715
3850
3944
4002
4027
4120
4156
4251
4269
4615
4694
4720
4728
4825
4849
4852
5132
5171
5188
5220
5276
5285
5342
5426
5467
5481
5536
5562
5590
5606
5702
5712
5759
5866
5895
6160
6231
6264
6279
6289
6368
6421
6424
6441
6462
6481
6682
6730
6914
7114
7273
7283
7409
7607
7633
7709
7725
7767
8101
8127
8188
8216
8221
8510
8756
8819
8844
8846
9182
9300
9497
9507
9566
9764
9868
9872
9888
0132
0175
0196
0287
0387
0500
0783
0892
1392
1464
1497
1659
1742
2190
2463
2495
2560
2584
2599
2616
2629
2691
2740
2752
2795
2799
2822
2892
2921
2950
2969
3018
3136
3140
3156
3308
3360
3365
3368
3378
3393
3407
3440
3461
3469
3544
3551
3649
3667
3686
3695
3696
3993
4029
4045
4119
4132
4169
4184
4216
4236
4337
4434
4470
4472
4483
4485
4537
4549
4580
4612
4632
4684
4701
4811
4823
4826
4878
4936
4972
4979
5015
5019
5064
5088
5201
5269
5277
5279
5288
5292
5300
5318
5326
5346
5351
5501
5520
5552
5580
5587
5629
5660
5748
5804
5847
5898
5906
6033
6100
6122
6179
6226
6446
6512
6546
6601
6675
6680
6711
6747
6784
6819
6976
7140
7152
7221
7333
7387
7388
7401
7403
7585
7606
7625
7713
7724
7849
8016
8240
8287
8352
8464
8531
8625
8687
8740
8818
8878
9007
9198
9290
9527
9594
9610
9653
9665
9698
9879
9901
0038
0048
0150
0154
0156
0172
0177
0233
0246
0484
0889
0970
1294
1449
1483
1498
1539
1558
1630
1640
1676
1799
2069
2084
2095
2184
2189
2193
2197
2259
2295
2363
2373
2445
2490
2540
2558
2562
2581
2618
2630
2642
2644
2645
2654
2661
2716
2726
2731
2736
2747
2790
2875
2898
2934
2956
3066
3230
3238
3319
3350
3370
3431
3514
3555
3568
3591
3635
3713
3787
3839
3877
3891
4035
4080
4143
4204
4222
4314
4328
4331
4341
4355
4371
4405
4423
4451
4480
4577
4579
4598
4652
4660
4662
4731
4788
4792
4820
4832
4853
4959
4991
5012
5089
5090
5125
5164
5272
5358
5416
5435
5475
5559
5584
5591
5598
5647
5679
5682
5747
5752
5771
5811
5874
5891
5983
6012
6066
6099
6101
6163
6223
6224
6248
6456
6463
6530
6532
6537
6547
6569
6673
6866
6878
6946
6955
7005
7130
7173
7185
7311
7378
7454
7473
7590
7666
7689
7716
7751
7783
7802
7921
7952
7978
8134
8176
8190
8277
8288
8347
8348
8385
8404
8409
8471
8475
8480
8485
8494
8505
8515
8823
8963
8969
9021
9069
9098
9116
9263
9423
9541
9659
9787
9910
9923
9975
0455
0655
0700
0865
0957
1582
1895
2371
2384
2440
2646
2659
2766
2913
2992
3028
3190
3249
3372
3460
3488
3640
3816
3822
4220
4240
4250
4278
4409
4413
4439
4449
4452
4510
4678
4729
5027
5444
5515
5626
5630
5634
5769
5821
5894
5995
6191
6234
6355
6696
6782
7201
7302
7479
7710
7888
7991
8109
8192
8201
8279
8584
8710
8715
8897
8946
8974
9399
9663
9811
9944
9982
9984
0034
0081
0141
0249
0256
0257
0270
0969
0997
1393
1681
1755
1792
1866
2066
2167
2195
2260
2361
2398
2634
2674
2685
2730
2762
2784
2841
2928
2940
2975
3027
3041
3050
3149
3188
3197
3228
3239
3257
3307
3371
3413
3458
3465
3489
3509
3626
3632
3638
3701
3718
3789
3875
3978
4051
4062
4101
4154
4218
4227
4458
4464
4468
4471
4475
4517
4525
4595
4685
4712
4714
4794
4813
4891
4909
4950
5040
5074
5077
5082
5107
5147
5205
5216
5226
5227
5239
5240
5271
5320
5347
5363
5390
5439
5476
5485
5572
5652
5666
5675
5896
5950
5989
6015
6040
6250
6261
6272
6276
6277
6290
6367
6400
6431
6485
6553
6574
6600
6623
6624
6679
6788
6810
6913
7003
7033
7120
7266
7376
7383
7427
7471
7509
7598
7655
7745
7805
7821
7862
7864
7874
7910
8077
8202
8219
8283
8338
8514
8516
8567
8569
8701
8712
8749
8790
8805
8879
8922
9190
9211
9239
9411
9619
9636
9718
9807
9845
9927
9937
0135
0148
0162
0245
0347
0358
0364
0482
0678
0744
0747
0786
0844
0854
0932
1650
1655
1696
1756
1831
1851
1854
2054
2158
2198
2267
2544
2595
2632
2637
2676
2680
2754
2778
2783
2794
2876
2877
2919
3167
3185
3187
3276
3347
3359
3409
3439
3441
3459
3508
3517
3566
3572
3631
3641
3665
3670
3679
3681
3738
3739
3843
3845
3884
4118
4155
4180
4207
4226
4315
4419
4453
4515
4522
4534
4541
4585
4679
4721
4888
4951
5091
5101
5135
5140
5174
5224
5258
5293
5324
5434
5487
5505
5589
5620
5622
5644
5648
5661
5664
5686
5697
5700
5714
5787
5819
5820
5824
5955
5988
6021
6029
6102
6150
6166
6214
6256
6602
6707
6888
6918
6966
7020
7071
7104
7367
7406
7449
7497
7501
7525
7621
7622
7640
7796
7858
7956
7977
8014
8025
8073
8182
8250
8260
8284
8285
8314
8366
8401
8410
8427
8524
8541
8611
8629
8706
8876
8887
8958
8993
9020
9106
9345
9355
9414
9533
9544
9561
9575
9631
9756
9786
9820
9851
9864
9897
9925
9992
0030
0036
0133
0165
0269
0349
0567
0592
0937
1097
1662
1759
1763
1768
1867
2092
2537
2557
2573
2687
2871
2939
2979
2986
3056
3401
3417
3564
3650
3801
3833
3940
4208
4247
4286
4300
4351
4462
4506
4689
4863
5038
5041
5229
5344
5414
5446
5506
5643
5668
5843
5953
5970
5985
6115
6220
6397
6513
6523
6567
6981
7012
7175
7265
7413
7648
7772
7908
7964
8205
8251
8911
8990
9017
9188
9449
9709
9809
9842
9849
9890
9980
9993
0093
0169
0241
0274
0356
0441
0477
0774
0898
0931
0955
0976
1439
1491
1581
1765
1782
1858
2058
2068
2082
2172
2176
2249
2296
2382
2498
2538
2556
2656
2678
2724
2744
2788
2792
2840
2878
2955
2974
2985
3087
3177
3351
3354
3391
3397
3475
3502
3538
3560
3621
3623
3630
3648
3662
3680
3697
3714
3819
3827
3831
3888
3931
4005
4023
4028
4116
4190
4233
4266
4324
4352
4426
4443
4482
4527
4542
4610
4688
4750
4757
4844
4957
4973
4977
4982
4987
5042
5114
5138
5143
5172
5184
5218
5228
5266
5283
5295
5401
5428
5452
5471
5489
5526
5534
5542
5568
5616
5733
5755
5842
5857
5864
5899
5911
5913
5937
5986
6007
6008
6162
6255
6283
6312
6341
6468
6521
6575
6647
6755
6765
6777
6787
6845
6909
6974
6980
7024
7139
7147
7276
7288
7305
7312
7329
7444
7470
7480
7543
7559
7566
7574
7703
7719
7742
7818
7907
7965
8020
8056
8084
8125
8157
8275
8289
8304
8389
8436
8576
8582
8587
8684
8821
8843
8923
8976
9170
9293
9363
9505
9518
9565
9582
9600
9777
9791
9891
9957
9964
9976
0056
0091
0779
0871
1373
1493
1667
1697
1741
1753
1761
1798
1857
2086
2089
2271
2339
2376
2446
2449
2476
2499
2591
2670
2748
2775
2835
2861
2879
2880
3044
3075
3139
3154
3175
3191
3269
3329
3471
3552
3567
3606
3644
3684
3763
3807
3832
3855
3887
3912
4026
4030
4135
4159
4164
4177
4209
4252
4253
4262
4272
4285
4301
4406
4465
4518
4531
4617
4713
4858
4876
4923
5003
5030
5044
5113
5189
5203
5244
5264
5298
5322
5352
5384
5392
5407
5457
5459
5474
5531
5618
5688
5776
5832
5850
6222
6227
6232
6235
6265
6326
6404
6406
6413
6533
6681
6689
6705
6740
6752
6758
6877
6891
7042
7051
7113
7121
7129
7155
7157
7174
7176
7183
7262
7318
7355
7375
7425
7445
7465
7488
7504
7517
7578
7595
7619
7669
7679
7738
7810
7883
7926
8110
8183
8381
8391
8451
8488
8491
8501
8555
8565
8595
8902
8907
9004
9184
9192
9288
9295
9296
9327
9456
9605
9623
9721
9887
9896
9914
9922
9978
9986
0097
0182
0240
0255
0272
0279
0338
0450
0453
0534
0748
0780
0792
0948
0981
1039
1651
1737
1839
2038
2061
2173
2183
2471
2496
2641
2694
2771
2887
2890
2891
2951
2980
2990
3260
3262
3364
3383
3479
3490
3531
3548
3557
3559
3605
3700
3712
3728
3812
3834
3837
3890
3901
3938
3982
3999
4096
4117
4145
4172
4403
4494
4502
4514
4519
4584
4659
4787
4798
4887
4900
4941
5008
5018
5045
5053
5118
5142
5199
5237
5247
5294
5357
5378
5460
5570
5651
5681
5786
5827
5829
5833
5887
5904
5908
5931
5977
6011
6031
6285
6318
6389
6590
6639
6700
6876
6967
7131
7144
7303
7319
7393
7687
7705
7731
7761
7785
8003
8029
8030
8143
8191
8212
8324
8332
8414
8420
8482
8552
8590
8633
8689
8774
8870
8874
8908
8949
8968
8981
9067
9118
9128
9166
9298
9569
9834
9847
9880
0247
0341
0493
0897
0986
1653
1673
1764
1797
2091
2152
2492
2883
2927
2977
3186
3438
3446
3507
3647
3685
3722
3846
3928
3933
4060
4108
4170
4188
4196
4260
4292
4457
4499
4557
4576
4733
4765
4784
4806
4847
4851
4874
4886
5031
5158
5307
5360
5397
5491
5498
5524
5611
5658
5710
5761
5860
5901
6010
6022
6068
6128
6480
6557
6710
6791
6837
6985
7138
7219
7298
7327
7467
7601
7613
8005
8017
8034
8037
8044
8150
8189
8204
8242
8351
8566
8622
8741
8865
8987
9145
9229
9524
9580
9639
9934
0052
0085
0155
0167
0184
0238
0354
0386
0574
0991
0995
1549
1576
1748
2039
2097
2643
2690
2698
2757
2785
2826
2832
2836
2858
2931
2932
2981
2996
3016
3034
3036
3098
3146
3171
3183
3248
3296
3362
3376
3463
3468
3480
3485
3493
3523
3627
3629
3642
3678
3688
3786
3813
4003
4019
4069
4265
4342
4346
4357
4382
4507
4671
4836
4856
4880
5122
5149
5215
5243
5261
5289
5317
5469
5529
5541
5550
5561
5581
5723
5770
5785
5810
5826
5877
6062
6119
6133
6244
6311
6333
6350
6351
6422
6452
6645
6690
6721
6772
6867
6901
7127
7128
7207
7244
7275
7404
7472
7515
7608
7691
7720
7736
7768
7795
7903
8128
8148
8200
8220
8238
8422
8478
8545
8698
8726
8750
8777
8801
8813
8841
8997
9030
9114
9163
9193
9264
9442
9448
9501
9536
9598
9738
9747
9883
0053
0061
0062
0149
0232
0251
0361
0371
0372
0445
0560
0645
0660
0686
1495
1499
1557
1695
1746
2071
2074
2078
2079
2261
2270
2381
2396
2649
2671
2758
2774
2780
2893
2933
3045
3165
3176
3268
3271
3284
3285
3348
3361
3464
3466
3481
3576
3581
3596
3597
3608
3619
3633
3643
3659
3673
3682
3724
3730
3732
3743
3751
3766
3783
3785
3935
3975
4008
4105
4129
4131
4178
4229
4263
4345
4378
4401
4459
4467
4530
4597
4631
4650
4669
4745
4751
4772
4807
4854
4859
4893
4913
4916
4937
4939
5023
5034
5056
5139
5145
5166
5175
5297
5301
5314
5345
5379
5391
5402
5422
5437
5453
5484
5516
5582
5614
5663
5671
5691
5709
5750
5764
5823
5876
5927
5999
6020
6035
6113
6187
6189
6212
6213
6246
6269
6313
6362
6386
6410
6415
6454
6474
6482
6518
6642
6698
6781
6824
6852
6879
6882
6898
6907
6915
6979
7013
7057
7109
7115
7205
7226
7239
7263
7364
7389
7424
7433
7502
7539
7545
7565
7646
7665
7702
7715
7723
7792
7808
7823
7827
7928
7966
7976
8024
8086
8087
8105
8124
8213
8222
8281
8291
8302
8388
8452
8518
8550
8591
8690
8754
8755
8766
8796
8797
8817
8832
8858
8883
8885
8928
9062
9137
9194
9210
9218
9247
9252
9279
9321
9324
9346
9348
9366
9371
9514
9586
9701
9733
9739
9818
9854
9908
9950
9968
0171
0888
0963
0984
1766
1846
2042
2072
2075
2640
2995
3053
3384
3550
3616
3815
3842
4195
4338
4398
4508
4645
4690
4759
5029
5502
5818
6186
6284
6361
6714
6800
6825
6833
6991
7082
7132
7269
7469
7521
7558
7929
8193
8227
8382
8546
8563
8617
8886
8944
8956
9613
9836
0047
0054
0057
0065
0067
0136
0278
0355
0378
0444
0451
0454
0551
0564
0732
0869
0885
0959
0998
1658
1672
1757
1791
2036
2037
2041
2059
2383
2598
2660
2673
2738
2769
2776
2798
2838
2847
2852
2884
2941
2942
2982
2984
3072
3077
3088
3138
3295
3385
3398
3405
3532
3562
3601
3653
3656
3726
3740
3747
3756
3757
3826
3835
3859
3869
3880
3936
3972
3995
4257
4267
4284
4290
4302
4318
4335
4369
4478
4492
4524
4622
4658
4715
4718
4719
4732
4771
4801
4881
4895
4958
4983
4997
5006
5058
5085
5087
5134
5181
5219
5275
5305
5323
5359
5387
5442
5447
5450
5470
5482
5492
5519
5539
5571
5592
5604
5613
5617
5716
5762
5778
5780
5783
5799
5801
5822
5863
5868
5897
5932
5962
5990
6009
6025
6044
6050
6104
6170
6185
6221
6228
6242
6270
6331
6345
6419
6460
6470
6514
6516
6517
6534
6578
6582
6670
6762
6771
6870
6885
6889
6923
6958
6965
7006
7015
7025
7045
7047
7145
7164
7212
7220
7232
7234
7257
7280
7282
7287
7290
7335
7419
7422
7423
7441
7455
7484
7505
7508
7524
7546
7573
7587
7588
7623
7658
7708
7781
7784
7884
8015
8046
8083
8114
8166
8245
8255
8256
8267
8286
8305
8321
8325
8342
8345
8402
8431
8522
8532
8562
8579
8632
8662
8694
8769
8785
8799
8847
8853
8868
8921
8937
8985
8986
8999
9082
9088
9102
9121
9165
9216
9222
9317
9368
9546
9579
9588
9666
9687
9758
9774
9831
9915
9920
9921
9973
0174
0271
0286
0365
0400
0546
0600
0891
0973
1639
1758
1779
1868
2062
2083
2393
2549
2559
2592
2596
2619
2675
2683
2695
2756
2760
2763
2914
2965
2968
3026
3029
3058
3178
3229
3289
3374
3389
3418
3561
3599
3661
3668
3689
3717
3725
3729
3748
3775
3990
4025
4059
4147
4194
4217
4259
4264
4280
4319
4330
4363
4427
4428
4490
4558
4573
4593
4599
4677
4686
4760
4768
4830
4882
4910
4918
4921
4999
5026
5043
5054
5176
5182
5260
5316
5372
5436
5479
5496
5509
5596
5601
5650
5659
5690
5708
5727
5760
5782
5792
5836
5854
5862
5865
5892
5900
5987
6027
6114
6134
6199
6323
6324
6329
6340
6365
6398
6427
6484
6577
6586
6674
6770
6884
6997
7027
7178
7213
7228
7279
7296
7334
7440
7452
7482
7485
7518
7536
7540
7541
7586
7591
7596
7798
7893
7919
7963
7985
7998
8006
8103
8155
8187
8199
8226
8237
8317
8319
8433
8499
8528
8683
8772
8825
8842
8896
9357
9486
9523
9611
9685
9693
9784
9790
9824
9830
9924
0170
0239
0476
0487
0495
0542
0569
0653
2191
2372
2739
3062
3096
3173
3275
3382
3390
3484
3705
3716
3848
3919
4066
4163
4282
4308
4461
4583
4596
4665
4753
4781
5265
5369
5619
5637
5798
5889
6377
6531
6598
6774
6859
7072
7118
7133
7208
7271
7325
7446
7548
7650
7659
8022
8033
8116
8117
8290
8469
9025
9050
9227
9281
9410
9577
9699
9722
9819
9902
0046
0096
0260
0267
0281
0350
0478
0488
0539
0576
0654
0657
0667
0683
0750
0769
0771
1751
2043
2073
2681
2745
2751
2786
2849
2874
2915
2959
2960
2973
2989
3069
3151
3181
3189
3192
3387
3447
3470
3540
3586
3609
3617
3634
3706
3741
3746
3764
3865
3915
3984
3987
3994
4009
4018
4039
4148
4181
4187
4249
4283
4326
4350
4353
4373
4387
4447
4528
4581
4637
4644
4673
4691
4857
4875
4902
4919
5071
5131
5159
5163
5170
5208
5281
5299
5309
5334
5370
5388
5427
5483
5615
5670
5756
5767
5816
5830
5831
5839
5848
5910
6004
6024
6130
6169
6190
6230
6292
6295
6504
6555
6589
6606
6612
6625
6649
6719
6725
6731
6849
6910
6925
6959
7088
7199
7248
7351
7382
7416
7420
7457
7468
7481
7529
7555
7569
7645
7809
7857
7868
7881
7915
7923
8009
8023
8040
8085
8102
8115
8120
8130
8147
8168
8209
8257
8300
8316
8367
8771
8830
8950
8970
9003
9013
9024
9040
9113
9155
9203
9213
9395
9401
9506
9557
9567
9697
9710
9712
9760
9802
9873
9917
9918
9965
9997
0039
0236
0254
0297
0332
0336
0432
0440
0582
0661
0754
0788
0790
0935
0943
0951
0962
1660
1738
1843
2194
2392
2593
2699
2845
2865
2872
2889
2938
2953
2966
3019
3048
3054
3071
3079
3099
3148
3193
3274
3395
3396
3503
3527
3558
3574
3582
3736
3758
3836
3893
3924
3962
4014
4016
4087
4134
4139
4166
4175
4203
4230
4254
4271
4293
4327
4377
4429
4509
4538
4602
4625
4667
4697
4698
4707
4734
4744
4749
4752
4779
4796
4802
4804
4822
4840
4845
4885
4924
4966
4969
4974
5049
5059
5079
5106
5290
5329
5381
5680
5724
5730
5797
5805
5855
5890
5914
5961
6002
6046
6088
6129
6147
6177
6201
6215
6219
6233
6236
6287
6293
6315
6319
6339
6387
6392
6433
6444
6445
6489
6507
6524
6579
6605
6613
6618
6632
6648
6684
6811
6820
6872
6881
6887
6922
7008
7058
7067
7122
7125
7154
7158
7163
7222
7237
7240
7259
7289
7342
7379
7390
7523
7528
7561
7630
7653
7684
7748
7753
7791
7794
7819
7847
7900
7905
7922
7983
7984
8098
8106
8135
8214
8248
8298
8372
8405
8407
8416
8474
8537
8559
8564
8574
8716
8731
8745
8816
8871
8873
9101
9122
9180
9204
9254
9349
9424
9452
9458
9481
9502
9547
9584
9634
9742
9750
9792
9886
9931
9994
0037
0050
0059
0086
0161
0163
0178
0198
0275
0276
0339
0391
0457
0459
0474
0489
0533
0561
0562
0563
0587
0668
0846
0958
1494
1496
1646
1656
1698
1796
2098
2397
2553
2732
2734
2770
2796
2945
3037
3573
3676
3677
3779
3795
3828
3853
3863
3910
3941
3946
4103
4104
4146
4153
4347
4393
4430
4505
4594
4609
4616
4621
4633
4670
4709
4741
4758
4783
4786
4824
4846
4872
4873
4883
4980
5046
5127
5161
5187
5332
5341
5350
5368
5430
5518
5530
5573
5609
5662
5736
5779
5828
5849
5851
5875
5886
5922
6030
6118
6143
6181
6188
6257
6263
6282
6294
6317
6337
6418
6432
6515
6563
6583
6593
6599
6604
6630
6672
6773
6812
6814
6858
6992
7086
7119
7197
7206
7231
7258
7278
7328
7564
7614
7672
7728
7760
7790
7803
7815
7844
7851
7855
7916
8079
8145
8198
8235
8241
8253
8274
8327
8337
8445
8526
8607
8627
8670
8806
8882
9120
9215
9219
9256
9294
9299
9365
9377
9389
9412
9421
9462
9491
9604
9622
9658
9796
9798
9803
9848
9885
9972
9983
0252
0375
0462
0570
0586
0599
1749
1762
2053
2743
2926
2978
3153
3195
3252
3381
3473
3563
3593
3602
3675
3806
3892
3937
3977
4136
4270
4367
4388
4438
4614
4723
4773
4835
4908
5409
5547
5867
5884
5998
6083
6107
6184
6198
6274
6477
6483
6520
6587
6616
6932
7075
7161
7170
7407
7492
7503
7660
7732
7918
7933
7973
8050
8053
8177
8303
8400
8580
8895
9029
9093
9158
9177
9181
9464
9465
9496
9560
9599
0040
0043
0151
0244
0284
0290
0360
0370
0554
0566
0669
0688
0695
0798
0877
0882
2081
2293
2494
2594
2597
2655
2696
2896
2944
2970
2991
3039
3051
3064
3196
3273
3290
3392
3448
3598
3607
3620
3655
3664
3731
3735
3745
3784
3793
3851
3860
3874
3895
3922
3949
3963
3979
4068
4140
4173
4189
4241
4275
4317
4336
4380
4391
4529
4553
4681
4683
4739
4755
4756
4770
4818
4838
4841
4890
4896
4912
4954
5037
5075
5167
5173
5198
5343
5443
5672
5719
5741
5753
5951
6144
6148
6171
6243
6374
6401
6442
6493
6509
6568
6584
6631
6692
6754
6766
6815
6855
6894
6921
6928
6933
6951
6983
6998
7014
7029
7073
7078
7096
7098
7159
7166
7217
7292
7402
7408
7426
7513
7649
7651
7657
7688
7706
7793
7825
7848
7886
8140
8159
8215
8231
8243
8266
8393
8503
8506
8508
8547
8616
8645
8676
8691
8770
8786
8802
8916
8933
8971
8979
8980
8992
9041
9077
9153
9187
9202
9221
9422
9439
9490
9585
9635
9652
9672
9691
9810
9904
9961
9963
9971
0058
0164
0285
0289
0335
0367
0458
0552
0759
0850
0896
0939
2087
2735
2782
2854
2860
2897
2949
2971
3074
3084
3194
3494
3788
3799
3829
3844
3867
3908
4072
4192
4281
4294
4348
4379
4395
4435
4476
4687
4793
4810
4819
4831
4889
4914
4952
4960
4964
5048
5078
5190
5313
5499
5527
5532
5701
5784
5907
5941
5945
5971
5981
6003
6067
6124
6158
6241
6268
6273
6305
6443
6494
6621
6627
6743
6750
6808
6809
6839
6848
6875
6990
7030
7069
7126
7204
7225
7229
7233
7268
7357
7361
7371
7553
7567
7584
7594
7680
7729
7826
7833
7914
7934
8019
8031
8164
8169
8178
8208
8269
8320
8358
8403
8415
8507
8527
8535
8600
8618
8651
8654
8660
8664
8672
8713
8793
8863
8913
8994
9019
9031
9083
9092
9147
9196
9199
9226
9238
9354
9400
9427
9455
9542
9559
9597
9614
9618
9700
9705
9855
9903
9956
0383
0469
0787
0848
0868
0873
0876
2638
2651
2697
2749
2844
2963
2997
3043
3583
3657
3769
3820
3876
3996
4057
4198
4246
4261
4491
4559
4626
4651
4668
4727
4834
4976
5371
5473
5692
5802
5814
5870
5975
6136
6168
6217
6383
6549
6832
6934
6960
7195
7223
7253
7254
7308
7309
7697
7752
7995
8060
8292
8322
8457
8815
8914
8931
8934
9250
9255
9286
9303
9568
9678
9761
0084
0193
0262
0268
0291
0398
0470
0491
0540
0772
0776
0782
0799
0841
1694
1752
1794
1795
2682
2741
2753
2761
2764
2765
2797
2863
2870
2923
2936
2947
2954
3057
3061
3082
3483
3495
3506
3694
3734
3765
3770
3864
3885
3886
3916
3917
3989
4006
4031
4032
4036
4047
4054
4137
4149
4158
4197
4199
4238
4303
4306
4340
4375
4385
4397
4436
4498
4592
4606
4640
4641
4661
4716
4740
4762
4780
4871
4877
4915
4925
4947
4953
4971
4988
4992
5072
5119
5183
5207
5249
5267
5303
5364
5448
5449
5722
5772
5813
5815
5853
5883
5924
5952
5965
5968
5991
6016
6070
6105
6117
6146
6153
6156
6174
6175
6204
6302
6314
6334
6352
6354
6378
6381
6402
6457
6475
6510
6603
6657
6691
6693
6718
6733
6779
6790
6828
6840
6926
6930
6944
6948
6973
7034
7135
7143
7146
7156
7224
7247
7264
7270
7281
7315
7317
7320
7323
7331
7359
7372
7432
7464
7507
7514
7563
7568
7582
7627
7675
7750
7806
7839
7863
7885
7936
7940
8042
8160
8163
8170
8173
8217
8232
8236
8265
8271
8307
8308
8315
8323
8330
8386
8408
8444
8446
8490
8529
8533
8534
8581
8583
8604
8626
8667
8692
8719
8727
8733
8742
8836
8856
8930
8965
8978
9070
9133
9135
9150
9154
9168
9175
9231
9232
9315
9331
9463
9474
9478
9479
9516
9531
9563
9591
9662
9689
9929
9985
0173
0176
0181
0186
0263
0277
0448
0475
0483
0547
0573
0578
0594
0634
0640
0682
0698
0753
0838
1859
2672
2742
2746
2895
2943
2948
2958
2994
3038
3047
3085
3487
3491
3530
3584
3603
3604
3687
3720
3753
3767
3781
3782
3856
3870
3878
3881
3882
3889
3921
3930
3948
3961
3985
4074
4084
4098
4099
4191
4287
4298
4359
4366
4463
4479
4496
4574
4608
4639
4708
4746
4754
4816
4828
4903
4942
5009
5069
5081
5238
5278
5287
5490
5597
5605
5653
5684
5695
5699
5717
5744
5773
5807
5845
5872
5893
5917
5926
5943
6014
6135
6176
6205
6216
6259
6260
6322
6327
6332
6347
6450
6451
6459
6558
6615
6617
6628
6635
6646
6651
6742
6847
6899
6903
6917
6941
6962
6995
7028
7031
7055
7062
7074
7092
7107
7160
7180
7230
7251
7299
7307
7353
7380
7459
7537
7560
7571
7589
7609
7615
7735
7754
7764
7814
7828
7842
7871
7875
7906
7925
7955
7974
8026
8075
8154
8197
8233
8249
8293
8299
8309
8370
8375
8379
8417
8458
8465
8593
8621
8674
8703
8720
8827
8872
8918
8938
8964
8966
8996
9027
9079
9095
9144
9146
9251
9262
9301
9323
9335
9405
9417
9420
9444
9453
9476
9484
9517
9522
9657
9707
9714
9727
9754
9832
9960
0280
0295
0396
0435
0467
0572
0579
0580
0585
0590
0598
0633
0642
0676
0677
0742
0755
0757
0785
0883
0893
0965
0966
2768
2862
2924
2976
2983
2998
3097
3172
3174
3263
3346
3492
3671
3674
3759
3805
3830
3847
3866
3909
3913
3959
3966
3969
3988
4061
4071
4090
4165
4273
4289
4297
4299
4339
4349
4399
4503
4627
4635
4675
4702
4705
4717
4736
4837
4870
4898
4955
4961
4985
4998
5016
5065
5109
5136
5148
5179
5273
5286
5296
5367
5380
5383
5399
5403
5429
5480
5493
5508
5540
5583
5594
5631
5636
5638
5640
5649
5721
5751
5766
5834
5856
5923
5979
6032
6090
6132
6159
6195
6267
6281
6301
6330
6373
6375
6388
6409
6416
6423
6436
6479
6487
6522
6550
6564
6581
6597
6640
6641
6659
6722
6741
6759
6794
6880
6897
6908
6975
6982
7016
7044
7076
7134
7168
7181
7193
7243
7267
7291
7297
7322
7347
7352
7381
7429
7431
7489
7581
7634
7681
7686
7739
7743
7746
7763
7832
7859
7924
7951
7954
8138
8175
8224
8247
8254
8261
8262
8263
8328
8335
8340
8373
8378
8380
8413
8419
8428
8454
8460
8481
8483
8571
8605
8608
8613
8659
8665
8685
8722
8753
8761
8762
8764
8780
8782
8807
8820
8894
8915
8929
8945
9018
9026
9044
9056
9057
9060
9096
9105
9132
9134
9179
9230
9233
9234
9309
9336
9383
9398
9426
9428
9499
9504
9558
9562
9601
9612
9638
9649
9651
9654
9667
9704
9723
9751
9765
9767
9776
9782
9785
9882
9907
9913
9935
9952
9953
0273
0359
0397
0399
0433
0434
0452
0463
0466
0468
0549
0556
0664
0680
0697
0699
0737
0758
0764
0834
0870
0875
0934
0936
0974
0993
1693
1847
2692
2793
2857
2859
2867
2899
2937
2961
2962
3059
3067
3078
3083
3293
3482
3595
3723
3755
3774
3780
3852
3857
3861
3862
3868
3902
3926
3952
3957
3968
3970
3991
4034
4043
4046
4049
4052
4053
4067
4082
4089
4106
4107
4174
4182
4183
4186
4193
4237
4276
4304
4358
4364
4384
4389
4437
4473
4607
4636
4642
4643
4676
4692
4726
4763
4795
4799
4805
4843
4899
4906
4917
4922
4946
4948
4956
4984
5063
5083
5095
5128
5186
5197
5206
5274
5302
5340
5382
5405
5537
5607
5685
5705
5718
5734
5803
5915
5916
5918
5944
5973
5974
6019
6037
6045
6063
6106
6108
6121
6151
6202
6208
6253
6299
6335
6349
6426
6467
6471
6472
6478
6499
6561
6580
6585
6596
6701
6728
6739
6745
6753
6802
6892
6936
6950
6961
7039
7048
7079
7087
7105
7153
7184
7191
7215
7216
7246
7261
7284
7294
7316
7341
7356
7368
7428
7430
7463
7496
7506
7542
7547
7550
7570
7592
7617
7642
7663
7685
7690
7692
7699
7804
7813
7941
7945
7950
7970
7986
8027
8054
8071
8099
8122
8129
8185
8195
8273
8390
8473
8479
8495
8519
8540
8549
8570
8599
8610
8615
8631
8655
8657
8661
8663
8693
8704
8707
8709
8730
8752
8763
8775
8835
8840
8845
8854
8859
8909
8924
9005
9045
9055
9075
9078
9089
9103
9104
9124
9142
9162
9169
9176
9223
9242
9248
9267
9277
9318
9319
9396
9403
9408
9431
9437
9440
9451
9466
9487
9495
9521
9552
9553
9602
9603
9644
9684
9706
9757
9771
9775
9781
9783
9793
9823
9841
9860
9867
9869
9881
9884
9905
9941
9970
0051
0139
0185
0264
0265
0382
0437
0464
0472
0494
0536
0558
0568
0581
0641
0658
0752
0761
0773
0835
0862
0895
0956
0983
0992
0996
2394
2693
2851
2952
2993
3052
3065
3092
3095
3292
3449
3496
3704
3762
3771
3778
3797
3905
3956
3958
3973
4076
4086
4094
4167
4291
4296
4360
4362
4407
4481
4572
4638
4693
4724
4735
4767
4920
4975
4995
5047
5057
5098
5178
5185
5327
5608
5642
5694
5703
5737
5795
5920
5954
5976
6080
6127
6141
6149
6152
6178
6291
6342
6344
6358
6360
6371
6393
6435
6437
6473
6527
6591
6595
6607
6614
6634
6715
6716
6717
6751
6757
6780
6798
6883
6938
6945
7035
7040
7060
7081
7124
7249
7255
7343
7366
7369
7398
7442
7451
7487
7516
7534
7544
7626
7674
7696
7822
7846
7917
7932
7953
7960
7961
7969
7972
7975
8032
8066
8142
8171
8206
8223
8230
8280
8399
8423
8463
8470
8536
8554
8561
8601
8603
8658
8699
8758
8804
8838
8851
8861
8904
8917
8959
9028
9053
9072
9195
9214
9272
9284
9314
9322
9338
9369
9387
9404
9425
9443
9470
9503
9530
9646
9648
9676
9719
9720
9724
9745
9746
9766
9795
9814
9825
9840
9844
9895
0160
0194
0363
0376
0461
0471
0632
0650
0791
0797
0840
0881
0887
0938
0953
2096
3297
3804
3871
3923
3965
4138
4162
4307
4361
4368
4623
4630
4814
4892
4978
5092
5096
5137
5338
5395
5720
5732
5796
5873
5902
5930
5942
5984
6005
6034
6048
6051
6074
6196
6218
6240
6308
6348
6379
6380
6505
6551
6552
6571
6572
6588
6619
6620
6643
6703
6708
6796
6830
6916
6956
6957
7009
7019
7106
7182
7203
7241
7242
7295
7314
7392
7499
7522
7526
7671
7816
7870
7943
7968
8038
8144
8225
8297
8368
8418
8442
8450
8476
8640
8644
8671
8826
8862
8984
9109
9127
9152
9161
9280
9291
9328
9388
9441
9461
9493
9508
9520
9525
9537
9554
9641
9642
9686
9717
9741
9752
9829
9936
9945
9954
0334
0353
0373
0379
0394
0395
0481
0490
0497
0541
0545
0553
0583
0631
0637
0644
0649
0662
0733
0765
0796
0832
0833
0858
0874
0886
0941
0946
0967
0968
0971
2051
2076
2843
2964
2967
3081
3529
3549
3589
3744
3808
3858
3897
3974
3976
3997
4038
4058
4070
4075
4088
4239
4370
4376
4394
4396
4408
4706
4743
4766
4782
4809
4821
4897
4907
4931
4933
4935
4938
4944
4981
4990
5035
5061
5062
5192
5374
5385
5495
5704
5725
5728
5731
5738
5739
5742
5745
5774
5835
5837
5871
5909
5949
5964
5997
6042
6065
6081
6103
6172
6238
6252
6278
6320
6356
6414
6417
6429
6430
6491
6501
6503
6506
6536
6562
6652
6702
6821
6834
6860
6865
6902
6931
6943
6952
6953
6986
7053
7066
7083
7099
7108
7165
7236
7286
7324
7338
7344
7363
7384
7385
7395
7405
7437
7483
7490
7494
7498
7520
7527
7572
7631
7670
7801
7820
7831
7837
7840
7841
7853
7957
8028
8049
8091
8094
8141
8151
8156
8161
8162
8239
8306
8331
8341
8353
8360
8361
8369
8377
8392
8430
8434
8441
8466
8497
8517
8543
8556
8597
8602
8614
8623
8630
8639
8677
8681
8695
8708
8732
8734
8757
8767
8784
8803
8834
8857
8860
8867
8906
8942
8943
8955
8975
9016
9039
9059
9061
9086
9094
9156
9157
9160
9164
9171
9172
9220
9224
9235
9237
9258
9260
9270
9274
9278
9283
9285
9332
9341
9356
9438
9450
9532
9556
9590
9625
9627
9671
9674
9675
9692
9749
9794
9806
9826
9828
9837
9853
9859
9866
9894
9930
9943
9949
9958
9959
9962
9967
0197
0237
0253
0368
0388
0648
0665
0685
0739
0740
0884
0899
3073
3497
3592
3709
3920
3954
3992
4065
4091
4092
4374
4495
4672
4776
4829
4894
4929
4993
5066
5067
5319
5349
5361
5396
5627
5740
5794
5919
5939
5958
6180
6203
6207
6209
6239
6271
6309
6370
6395
6447
6448
6458
6526
6576
6709
6746
6838
6841
6861
6864
6873
6924
6993
7186
7209
7238
7397
7583
7641
7694
7762
7836
7992
8062
8069
8096
8132
8136
8139
8165
8333
8387
8439
8440
8606
8609
8682
8696
8724
8905
8932
8954
9042
9189
9243
9259
9266
9271
9275
9316
9325
9372
9397
9471
9540
9571
9661
9688
9708
9716
9763
9770
9780
9838
0183
0195
0348
0366
0449
0465
0473
0543
0591
0636
0638
0656
0687
0694
0781
0837
0857
0861
0863
0867
0950
0952
0954
3094
3394
3498
3499
3702
3708
3760
3854
3943
4063
4390
4674
4699
4737
4797
4803
4827
4833
4926
4943
4945
4968
5336
5339
5365
5707
5743
5793
5806
5903
5905
5921
5925
5938
6028
6043
6047
6049
6057
6131
6140
6173
6183
6192
6286
6298
6304
6338
6498
6508
6539
6650
6723
6737
6744
6764
6799
6836
6851
6854
6896
6919
6947
7085
7187
7218
7293
7330
7386
7453
7519
7556
7562
7616
7620
7624
7632
7647
7661
7662
7682
7817
7850
7872
7927
8036
8051
8052
8078
8152
8172
8336
8357
8453
8459
8492
8498
8560
8573
8666
8673
8746
8751
8768
8773
9054
9058
9081
9097
9126
9131
9151
9197
9212
9273
9308
9310
9330
9342
9376
9390
9416
9432
9454
9475
9535
9548
9570
9573
9576
9578
9587
9609
9620
9621
9637
9655
9656
9664
9680
9690
9715
9732
9734
9736
9804
9932
0259
0283
0293
0340
0377
0390
0446
0460
0557
0559
0565
0639
0849
0851
0866
0872
0975
0994
2946
3683
3749
3761
3776
3803
3896
3899
3906
3983
4095
4493
4605
4695
4738
4842
4965
4986
5036
5039
5076
5084
5093
5146
5195
5394
5406
5538
5933
5947
5972
5980
5992
5993
6013
6018
6054
6075
6077
6087
6091
6385
6391
6396
6490
6529
6637
6683
6704
6749
6760
6813
6904
6939
6940
6964
7026
7054
7136
7167
7192
7336
7348
7354
7365
7462
7538
7599
7668
7835
7935
7939
7996
8035
8058
8063
8131
8167
8276
8295
8296
8313
8355
8359
8363
8396
8435
8447
8449
8467
8592
8594
8656
8679
8705
8748
8760
8783
8792
8927
8940
8982
9084
9136
9217
9240
9244
9253
9261
9268
9276
9282
9297
9304
9320
9326
9329
9337
9350
9378
9418
9457
9459
9472
9473
9483
9488
9492
9543
9581
9589
9592
9593
9596
9694
9755
9762
9772
9778
9817
9827
9843
9850
9863
9946
9974
0266
0298
0299
0380
0498
0538
0596
0671
0681
0795
0843
0894
3660
3752
3754
3903
3904
3929
3955
3964
3998
4056
4629
4696
5209
5393
5398
5929
5936
6026
6055
6089
6142
6197
6247
6296
6359
6382
6390
6528
6560
6729
6816
6846
6850
6857
6893
7032
7049
7141
7169
7345
7443
7937
7944
7949
8045
8047
8149
8194
8268
8326
8365
8553
8628
8652
8717
8781
8849
8962
9065
9129
9143
9167
9186
9307
9344
9362
9379
9406
9429
9467
9489
9509
9650
9668
9740
9858
9862
0095
0384
0392
0480
0548
0597
0679
0693
0745
0751
0756
0768
0845
0853
0860
0949
3049
3076
3086
3796
3872
3907
3967
3986
4048
4081
4703
4927
4963
4970
4996
5068
5094
5328
5497
5956
6041
6138
6343
6403
6734
6831
6927
6949
7084
7097
7148
7435
7438
7460
7552
7554
7593
7652
7730
7843
7947
8229
8270
8329
8354
8374
8496
8548
8551
8634
8635
8647
8744
8837
8935
8953
9035
9043
9236
9334
9360
9374
9375
9382
9402
9415
9434
9477
9534
9616
9626
9673
9835
9857
9948
0146
0374
0438
0499
0646
0651
0674
0736
0766
0960
0964
2894
3046
3934
3980
4037
4064
4073
4093
4097
4634
4764
4839
4930
5099
5196
5373
5389
5838
5948
6076
6085
6182
6194
6306
6307
6434
6440
6695
6738
6804
6856
6905
6929
6935
6937
7038
7043
7046
7434
7450
7495
7549
7629
7695
7740
8048
8064
8364
8443
8619
8643
8680
8714
8718
8735
8995
9033
9046
9245
9289
9380
9435
9436
9468
9617
9643
9730
9743
9748
9768
9833
9906
0261
0294
0381
0443
0496
0575
0595
0643
0735
0749
0784
0836
0842
0855
3063
3091
3768
3772
3809
3873
3898
3950
4079
4309
4730
4928
5086
5376
5729
5749
5994
5996
6052
6053
6072
6137
6167
6237
6495
6720
6748
6792
6818
6823
6826
6862
7037
7064
7340
7362
7370
7493
7618
7834
7967
7994
8043
8072
8174
8259
8493
8568
8697
8725
8736
8747
8776
8795
8941
8983
9032
9034
9108
9183
9206
9241
9246
9257
9313
9352
9353
9358
9385
9386
9445
9549
9564
9607
9702
9728
9769
9816
9892
0292
0362
0389
0393
0436
0492
0659
0743
0762
0947
0961
3932
4704
5073
5097
5549
5935
5982
6038
6058
6139
6193
6394
6594
6727
7346
7358
7360
7396
7439
7597
7683
7930
7990
8041
8097
8278
8362
8395
8653
8794
8960
9049
9130
9249
9287
9384
9407
9446
9572
9624
9893
9926
9928
0296
0537
0692
0760
3093
4085
4305
4603
4604
4618
4962
5726
5817
5934
6071
6086
6229
6346
6408
6438
6573
6735
6736
7041
7059
7194
7196
7350
7628
7948
8294
8339
8349
8394
8903
8952
9036
9063
9085
9107
9139
9141
9269
9351
9433
9640
9679
9846
9861
0670
0673
0839
2493
4392
4904
6303
6706
6807
8057
8074
8578
8638
8739
8829
8926
8961
9048
9066
9174
9207
9209
9228
9419
9574
9670
0544
0589
0672
0767
0940
5706
6073
6376
6384
6439
6538
6732
6763
6817
6843
6853
7052
7149
7635
7639
7698
7838
8061
8344
8637
8743
9037
9149
9205
9208
9302
9361
9538
9615
9645
9682
9735
9759
0696
4083
4905
6056
6092
6863
7056
7461
7636
7830
7962
8059
8095
8737
9305
9364
9409
9528
9703
9839
0447
0593
0793
4940
5194
6079
6084
6094
6492
6629
6724
6805
6906
7061
7094
7339
7938
8092
8334
8376
8620
8641
8839
8947
9038
9051
9068
9073
9178
9185
9370
9381
9391
9460
9482
9647
9681
9683
9729
0647
0746
3951
4761
6059
6078
6328
6829
8039
8429
9064
9359
9367
9447
9628
9660
9726
0856
3953
6097
6726
7091
8076
8728
9469
9529
9608
9940
0763
0794
0847
4934
5928
6095
6096
6297
6496
7638
8067
8346
8356
8538
8598
8729
8738
8936
8939
8973
9265
9340
9343
9347
9373
9550
9737
6098
6803
6994
7436
8636
9430
0635
6039
7036
7349
7693
8065
8137
8437
8948
9138
9938
0675
9071
9076
9148
9159
9526
3794
6082
7065
8397
8539
8646
9695
9805
6806
7993
8146
8343
8557
0439
8438
9047
9539
6093
7063
8196
6827
7394
0859
8957
9480
6793
0738
8398
6835
7637
9629
8093
8068